-85.1875
-85.1875
-85.3125
-85.6875
-85.875
-85.9375
-85.9375
-85.9375
-86.0625
-86.0
-86.0625
-86.0625
-86.1875
-86.1875
-86.25
-86.375
-86.375
-86.375
-86.3125
-86.25
-86.375
-86.375
-86.4375
-86.5
-86.5625
-86.5625
-86.625
-86.6875
-86.75
-86.8125
-86.8125
-86.9375
-86.9375
-87.0625
-87.0625
-87.125
-87.0625
-87.0
-87.0625
-87.0625
-87.0625
-87.125
-87.125
-87.1875
-87.1875
-87.125
-87.125
-87.125
-87.125
-87.125
-87.1875
-87.125
-87.125
-87.1875
-87.1875
-87.1875
-87.1875
-87.125
-87.25
-87.1875
-87.25
-87.25
-87.1875
-87.25
-87.25
-87.3125
-87.375
-87.375
-87.375
-87.4375
-87.4375
-87.5
-87.5
-87.5625
-87.625
-87.6875
-87.75
-87.75
-87.8125
-87.75
-87.75
-87.75
-87.75
-87.75
-87.75
-87.8125
-87.8125
-87.8125
-87.8125
-87.8125
-87.8125
-87.8125
-87.75
-87.75
-87.75
-87.8125
-87.875
-87.875
-87.875
-87.875
-87.875
-87.875
-87.9375
-88.0
-88.0
-88.0
-88.0
-88.125
-88.125
-88.125
-88.125
-88.125
-88.125
-88.125
-88.125
-88.125
-88.125
-88.125
-88.125
-88.1875
-88.1875
-88.25
-88.25
-88.3125
-88.375
-88.375
-88.4375
-88.4375
-88.5
-88.5625
-88.5625
-88.625
-88.5625
-88.625
-88.6875
-88.6875
-88.75
-88.75
-88.6875
-88.75
-88.6875
-88.75
-88.6875
-88.6875
-88.625
-88.6875
-88.6875
-88.6875
-88.75
-88.6875
-88.6875
-88.6875
-88.6875
-88.6875
-88.6875
-88.6875
-88.6875
-88.75
-88.75
-88.6875
-88.6875
-88.75
-88.6875
-88.6875
-88.625
-88.625
-88.5625
-88.625
-88.625
-88.5625
-88.5625
-88.625
-102.6875
-102.875
-103.0
-103.125
-103.1875
-103.375
-103.5
-103.625
-103.75
-103.875
-104.0625
-104.125
-104.25
-104.375
-104.5625
-104.75
-104.9375
-105.125
-105.1875
-105.3125
-105.5
-105.625
-105.8125
-105.9375
-106.125
-106.3125
-106.4375
-106.5
-106.625
-106.6875
-106.8125
-106.875
-106.875
-106.9375
-107.0
-107.125
-107.25
-107.375
-107.5
-107.625
-107.6875
-107.875
-108.0
-108.0625
-108.125
-108.1875
-108.3125
-108.375
-108.4375
-108.5
-108.5625
-108.625
-108.75
-108.875
-108.9375
-109.0625
-109.1875
-109.3125
-109.5
-109.5625
-109.6875
-109.6875
-109.75
-109.75
-109.8125
-109.875
-109.9375
-110.0
-110.125
-110.1875
-110.25
-110.3125
-110.4375
-110.5
-110.5625
-110.625
-110.625
-110.6875
-110.75
-110.75
-110.8125
-110.8125
-110.875
-110.9375
-111.0
-111.0625
-111.125
-111.1875
-111.25
-111.3125
-111.375
-111.5
-111.5
-111.625
-111.6875
-111.75
-111.8125
-111.875
-111.9375
-112.0
-112.0625
-112.1875
-112.25
-112.3125
-112.375
-112.4375
-112.5
-112.5625
-112.625
-112.75
-112.6875
-112.75
-112.8125
-112.875
-112.9375
-113.0
-113.0625
-113.0625
-113.0625
-113.125
-113.1875
-113.1875
-113.25
-113.25
-113.3125
-113.3125
-113.3125
-113.375
-113.4375
-113.5
-113.5
-113.5
-113.5625
-113.5625
-113.625
-113.625
-113.6875
-113.6875
-113.75
-113.8125
-113.875
-113.875
-113.875
-113.9375
-113.9375
-114.0
-114.0
-114.0
-114.0
-114.0
-114.0625
-114.0625
-114.0625
-114.125
-114.125
-114.1875
-114.25
-114.3125
-114.3125
-114.4375
-114.4375
-114.4375
-114.5
-114.5
-114.5625
-114.5625
-114.625
-114.6875
-114.75
-114.8125
-114.875
-114.9375
-115.0
-115.125
-115.125
-115.1875
-115.25
-115.25
-115.3125
-115.3125
-115.3125
-115.375
-115.375
-115.4375
-115.4375
-115.5
-115.5
-115.625
-115.625
-115.6875
-115.6875
-115.75
-115.8125
-115.875
-115.9375
-115.9375
-116.0
-116.0625
-116.0625
-116.125
-116.1875
-116.25
-116.25
-116.3125
-116.375
-116.4375
-116.5
-116.5625
-116.625
-116.6875
120.1875
120.125
120.0
119.9375
119.9375
119.875
119.75
119.75
119.6875
119.625
119.5625
119.4375
119.3125
119.3125
119.1875
119.125
119.0625
119.0
119.0
118.9375
118.875
118.8125
118.75
118.6875
118.5625
118.5
118.4375
118.375
118.3125
118.25
118.1875
118.0625
118.0
117.9375
117.8125
117.6875
117.625
117.5
117.4375
117.3125
117.25
117.1875
117.125
117.0625
116.9375
116.875
116.8125
116.75
116.6875
116.625
116.5
116.4375
116.375
116.3125
116.25
116.1875
116.125
116.0625
116.0
115.875
115.8125
115.6875
115.625
115.5625
115.5
115.4375
115.375
115.3125
115.1875
115.1875
115.0625
115.0
114.9375
114.875
114.8125
114.75
114.6875
114.625
114.5625
114.5
114.4375
114.375
114.375
114.3125
114.25
114.1875
114.1875
114.0625
114.0
113.875
153.6875
153.6875
153.5625
153.5
153.3125
153.25
153.125
152.9375
152.8125
152.75
152.625
152.5625
152.4375
152.3125
152.25
152.125
152.0
151.875
151.8125
151.75
151.6875
151.5625
151.4375
151.4375
151.375
151.25
151.1875
151.125
151.0625
151.0
150.9375
150.8125
150.75
150.75
150.6875
150.625
150.5625
150.5
150.4375
150.375
150.25
150.25
150.1875
150.25
150.1875
150.125
150.0625
150.0
149.9375
149.875
149.875
149.8125
149.8125
149.75
149.6875
149.6875
149.6875
149.625
149.625
149.5625
149.5625
149.5
149.4375
149.4375
149.375
149.3125
149.25
149.1875
149.1875
149.125
149.0625
149.0
149.0
148.9375
148.9375
148.875
148.8125
148.75
148.6875
148.6875
148.625
148.625
148.625
148.625
148.5625
148.5
148.375
148.375
148.3125
148.3125
148.25
148.25
148.25
148.25
148.1875
148.1875
148.125
148.0625
148.0
147.9375
147.8125
147.75
147.6875
147.625
88.125
88.0625
88.0
87.9375
87.875
87.8125
87.75
87.75
87.6875
87.625
87.5
87.4375
87.375
87.3125
87.25
87.1875
87.125
87.0
87.0
86.9375
86.875
86.8125
86.75
86.6875
86.625
86.5625
86.4375
86.3125
86.25
86.125
86.0
85.9375
85.875
85.75
85.6875
85.6875
85.5625
85.5625
85.5
85.4375
85.375
85.3125
85.1875
85.0625
84.9375
84.8125
84.6875
84.5625
84.5
84.375
84.3125
84.1875
84.125
84.0625
84.0
83.9375
83.875
83.75
83.6875
83.5625
83.5
83.4375
83.375
83.25
83.25
83.125
83.0625
82.9375
82.875
82.75
82.6875
82.5625
82.4375
82.4375
82.375
82.25
82.25
82.125
82.0625
82.0
81.9375
81.875
81.8125
81.8125
81.6875
81.6875
81.625
81.5
81.4375
81.375
81.3125
81.1875
81.125
81.0
80.9375
80.875
66.625
66.625
66.5625
66.5625
66.4375
66.75
66.5
66.5625
66.5625
66.4375
66.5
66.3125
66.25
66.4375
66.25
66.1875
66.125
66.0625
66.125
66.0
66.0
66.0
66.0
66.125
66.125
66.125
66.0625
66.0625
66.0
65.9375
65.9375
65.8125
65.8125
65.8125
65.625
65.6875
65.8125
65.6875
65.375
65.375
65.5
65.625
65.625
65.6875
65.5
65.5625
65.5625
65.5625
65.625
65.9375
65.9375
66.0
65.9375
66.0
66.0625
66.0625
66.1875
66.125
66.125
66.1875
66.25
66.3125
66.25
66.125
66.0625
66.0625
66.0
65.875
65.75
65.625
65.625
65.4375
65.375
65.5
65.5625
65.5
65.75
65.8125
65.625
65.5625
65.5625
65.5625
65.4375
65.5
65.5
65.3125
65.25
65.25
65.3125
65.3125
65.3125
65.25
65.25
65.25
65.1875
65.25
65.1875
65.1875
65.125
65.0625
65.0625
65.0625
65.0625
65.0
64.9375
64.9375
64.9375
64.9375
64.9375
64.8125
64.75
64.6875
64.625
64.625
64.5625
64.5
64.5
64.5625
64.5625
64.5625
64.625
64.625
64.625
64.5625
64.5625
64.5
64.4375
64.3125
64.25
64.25
64.25
64.1875
64.1875
64.125
64.0625
64.0
63.9375
63.9375
64.0
63.9375
63.9375
63.9375
63.9375
64.0
64.0
64.0625
64.125
64.1875
64.1875
64.25
129.0
128.625
128.1875
128.3125
128.3125
127.8125
128.3125
128.3125
127.8125
128.3125
127.8125
128.3125
128.3125
128.3125
127.8125
128.1875
127.9375
127.9375
128.1875
128.3125
127.8125
128.3125
127.8125
127.9375
127.9375
127.9375
128.1875
127.9375
128.1875
128.1875
128.1875
128.1875
128.1875
127.9375
127.9375
128.125
128.125
127.9375
127.9375
127.9375
128.3125
127.8125
128.3125
128.3125
127.8125
128.125
127.9375
128.3125
127.8125
128.3125
128.3125
128.3125
128.3125
128.125
128.125
128.3125
127.8125
128.125
127.9375
128.3125
128.3125
128.3125
128.3125
127.8125
128.3125
128.3125
127.8125
128.3125
127.8125
127.9375
127.9375
127.9375
128.1875
128.1875
127.9375
128.1875
128.1875
128.1875
128.1875
128.1875
128.1875
128.1875
124.4375
124.375
124.1875
124.375
124.0
124.0
123.8125
123.8125
123.8125
123.875
123.8125
123.75
123.625
123.6875
123.8125
124.125
124.3125
124.375
124.4375
124.5
124.5625
124.5625
124.5625
124.5
124.375
124.25
124.125
124.0
123.8125
123.6875
123.625
123.5
123.4375
123.4375
123.375
123.375
123.375
123.3125
123.25
123.1875
123.125
123.0
122.9375
122.8125
122.875
122.75
122.8125
122.8125
122.75
122.6875
122.6875
122.5625
122.5
122.5
122.375
122.4375
122.5
122.5
122.3125
122.25
122.3125
122.125
122.125
122.125
121.8125
121.875
121.8125
121.9375
121.8125
121.75
121.6875
121.6875
121.625
121.5
121.375
121.5
121.4375
121.3125
121.375
121.375
121.25
121.25
121.25
121.1875
121.25
121.25
121.1875
121.1875
121.125
121.0625
121.0
120.875
120.875
120.8125
120.8125
120.875
120.8125
120.8125
120.8125
120.75
120.75
120.6875
120.6875
120.625
120.75
120.625
120.6875
120.625
120.5
120.5
120.5
120.5
120.4375
120.4375
120.4375
120.375
120.375
120.3125
120.25
120.1875
120.125
120.0625
119.9375
119.9375
119.875
119.875
119.8125
119.75
119.75
119.75
119.6875
119.6875
119.6875
119.625
119.5625
119.5625
119.5
119.4375
119.4375
119.3125
119.25
119.25
119.125
119.125
119.0625
119.0
118.9375
118.875
118.875
118.8125
118.75
118.6875
118.625
118.625
118.5625
118.5
118.4375
118.3125
118.25
118.1875
118.0625
118.0
117.875
117.875
117.75
117.75
117.625
117.625
117.5625
117.375
117.375
117.375
117.375
117.375
116.9375
116.875
116.4375
116.4375
116.0625
116.0625
115.6875
115.75
115.75
115.5625
115.375
115.4375
115.375
115.4375
115.25
115.25
114.75
115.25
115.25
115.0625
115.1875
115.25
114.75
114.25
114.25
114.25
114.25
114.3125
114.25
114.125
114.25
114.25
114.25
114.25
114.3125
114.25
113.75
113.75
113.75
113.75
113.6875
113.75
113.625
113.6875
113.625
113.6875
113.6875
113.6875
-87.125
-87.125
-87.1875
-87.125
-87.125
-87.1875
-87.1875
-87.1875
-87.1875
-87.125
-87.25
-87.1875
-87.25
-87.25
-87.1875
-87.25
-87.25
-87.3125
-87.375
-87.375
-87.375
-87.4375
-87.4375
-87.5
-87.5
-87.5625
-87.625
-87.6875
-87.75
-87.75
-87.8125
-87.75
-87.75
-87.75
-87.75
-87.75
-87.75
-87.8125
-87.8125
-87.8125
-87.8125
-87.8125
-87.8125
-87.8125
-87.75
-87.75
-87.75
-87.8125
-87.875
-87.875
-87.875
-87.875
-87.875
-87.875
-87.9375
-88.0
-88.0
-88.0
-88.0
-88.125
-88.125
-88.125
-88.125
-88.125
-88.125
-88.125
-88.125
-88.125
-88.125
-88.125
-88.125
-88.1875
-88.1875
-88.25
-88.25
-88.3125
-88.375
-88.375
-88.4375
-88.4375
-88.5
-88.5625
-88.5625
-88.625
-88.5625
-88.625
-88.6875
-88.6875
-88.75
-88.75
-88.6875
-88.75
-88.6875
-88.75
-88.6875
-88.6875
-88.625
-88.6875
-88.6875
-88.6875
-88.75
-88.6875
-88.6875
-88.6875
-88.6875
-88.6875
-88.6875
-88.6875
-88.6875
-88.75
-88.75
-88.6875
-88.6875
-88.75
-88.6875
-88.6875
-88.625
-88.625
-88.5625
-88.625
-88.625
-88.5625
-88.5625
-88.625
-88.5625
-88.5625
-88.5625
-88.5
-88.5
-88.625
-88.625
-88.625
-88.625
-88.625
-88.625
-88.625
-88.3125
-88.0
-88.0
-88.0
-88.0
-88.0
-88.0
-88.0
-88.0
-88.0
-88.0
-88.0
-88.0
-88.0
-88.0
-88.0
-88.0
-88.0
-88.0
-88.0
-88.0
-88.0
-88.0
-88.0
-88.0
-88.5
-89.0
-89.4375
-89.9375
-90.375
-90.375
-90.375
-90.375
-90.25
-90.25
-90.125
-108.4375
-108.5
-108.5625
-108.625
-108.75
-108.875
-108.9375
-109.0625
-109.1875
-109.3125
-109.5
-109.5625
-109.6875
-109.6875
-109.75
-109.75
-109.8125
-109.875
-109.9375
-110.0
-110.125
-110.1875
-110.25
-110.3125
-110.4375
-110.5
-110.5625
-110.625
-110.625
-110.6875
-110.75
-110.75
-110.8125
-110.8125
-110.875
-110.9375
-111.0
-111.0625
-111.125
-111.1875
-111.25
-111.3125
-111.375
-111.5
-111.5
-111.625
-111.6875
-111.75
-111.8125
-111.875
-111.9375
-112.0
-112.0625
-112.1875
-112.25
-112.3125
-112.375
-112.4375
-112.5
-112.5625
-112.625
-112.75
-112.6875
-112.75
-112.8125
-112.875
-112.9375
-113.0
-113.0625
-113.0625
-113.0625
-113.125
-113.1875
-113.1875
-113.25
-113.25
-113.3125
-113.3125
-113.3125
-113.375
-113.4375
-113.5
-113.5
-113.5
-113.5625
-113.5625
-113.625
-113.625
-113.6875
-113.6875
-113.75
-113.8125
-113.875
-113.875
-113.875
-113.9375
-113.9375
-114.0
-114.0
-114.0
-114.0
-114.0
-114.0625
-114.0625
-114.0625
-114.125
-114.125
-114.1875
-114.25
-114.3125
-114.3125
-114.4375
-114.4375
-114.4375
-114.5
-114.5
-114.5625
-114.5625
-114.625
-114.6875
-114.75
-114.8125
-114.875
-114.9375
-115.0
-115.125
-115.125
-115.1875
-115.25
-115.25
-115.3125
-115.3125
-115.3125
-115.375
-115.375
-115.4375
-115.4375
-115.5
-115.5
-115.625
-115.625
-115.6875
-115.6875
-115.75
-115.8125
-115.875
-115.9375
-115.9375
-116.0
-116.0625
-116.0625
-116.125
-116.1875
-116.25
-116.25
-116.3125
-116.375
-116.4375
-116.5
-116.5625
-116.625
-116.6875
-116.75
-116.8125
-116.875
-116.9375
-117.0
-117.0625
-117.0625
-117.125
-117.1875
-117.25
-117.3125
-117.3125
-117.375
-117.375
-117.5
-117.5
-117.5625
-117.625
-117.625
-117.75
-117.8125
-117.8125
-117.875
-117.9375
-117.9375
-118.0
-118.0625
-118.125
-118.1875
-118.25
-118.3125
-118.3125
-118.4375
-118.5
-118.5
-118.5625
-118.625
-118.625
-118.75
-118.75
-118.8125
-118.875
-118.875
-119.0
-119.0
-119.0625
-119.125
-119.125
116.6875
116.625
116.5
116.4375
116.375
116.3125
116.25
116.1875
116.125
116.0625
116.0
115.875
115.8125
115.6875
115.625
115.5625
115.5
115.4375
115.375
115.3125
115.1875
115.1875
115.0625
115.0
114.9375
114.875
114.8125
114.75
114.6875
114.625
114.5625
114.5
114.4375
114.375
114.375
114.3125
114.25
114.1875
114.1875
114.0625
114.0
113.875
113.8125
113.75
113.6875
113.625
113.5625
113.5625
113.5
113.4375
113.375
113.3125
113.25
113.1875
113.0625
113.0625
113.0
112.9375
112.875
112.8125
112.75
112.6875
112.5625
112.5
112.4375
112.375
112.3125
112.25
112.1875
112.1875
112.125
112.0625
112.0
111.9375
111.875
111.8125
111.75
111.75
111.6875
111.625
111.5625
111.5
111.5
111.375
111.3125
111.3125
111.25
111.1875
111.125
111.0625
149.9375
149.875
149.875
149.8125
149.8125
149.75
149.6875
149.6875
149.6875
149.625
149.625
149.5625
149.5625
149.5
149.4375
149.4375
149.375
149.3125
149.25
149.1875
149.1875
149.125
149.0625
149.0
149.0
148.9375
148.9375
148.875
148.8125
148.75
148.6875
148.6875
148.625
148.625
148.625
148.625
148.5625
148.5
148.375
148.375
148.3125
148.3125
148.25
148.25
148.25
148.25
148.1875
148.1875
148.125
148.0625
148.0
147.9375
147.8125
147.75
147.6875
147.625
147.5625
147.5
147.375
147.3125
147.25
147.125
147.0625
147.0625
147.0
146.9375
146.875
146.75
146.6875
146.5625
146.4375
146.375
146.375
146.3125
146.25
146.125
146.0625
146.0
145.875
145.875
145.75
145.75
145.6875
145.625
145.5625
145.5
145.4375
145.375
145.3125
145.25
145.25
145.1875
145.0625
145.0625
145.0
144.9375
145.0
144.9375
144.875
144.875
144.75
144.75
144.75
144.625
84.5
84.375
84.3125
84.1875
84.125
84.0625
84.0
83.9375
83.875
83.75
83.6875
83.5625
83.5
83.4375
83.375
83.25
83.25
83.125
83.0625
82.9375
82.875
82.75
82.6875
82.5625
82.4375
82.4375
82.375
82.25
82.25
82.125
82.0625
82.0
81.9375
81.875
81.8125
81.8125
81.6875
81.6875
81.625
81.5
81.4375
81.375
81.3125
81.1875
81.125
81.0
80.9375
80.875
80.8125
80.6875
80.625
80.5625
80.5
80.4375
80.375
80.3125
80.25
80.1875
80.0625
80.0
80.0
80.0
80.0
80.0
80.0
80.0
79.5
79.375
79.375
79.375
79.375
79.375
79.375
79.375
79.375
79.375
79.375
79.375
79.1875
79.0
79.0
78.6875
78.25
78.1875
78.0625
77.5625
77.0625
76.5625
76.0625
75.5625
75.0625
74.5625
74.0625
73.5625
73.0625
72.5625
65.625
65.9375
65.9375
66.0
65.9375
66.0
66.0625
66.0625
66.1875
66.125
66.125
66.1875
66.25
66.3125
66.25
66.125
66.0625
66.0625
66.0
65.875
65.75
65.625
65.625
65.4375
65.375
65.5
65.5625
65.5
65.75
65.8125
65.625
65.5625
65.5625
65.5625
65.4375
65.5
65.5
65.3125
65.25
65.25
65.3125
65.3125
65.3125
65.25
65.25
65.25
65.1875
65.25
65.1875
65.1875
65.125
65.0625
65.0625
65.0625
65.0625
65.0
64.9375
64.9375
64.9375
64.9375
64.9375
64.8125
64.75
64.6875
64.625
64.625
64.5625
64.5
64.5
64.5625
64.5625
64.5625
64.625
64.625
64.625
64.5625
64.5625
64.5
64.4375
64.3125
64.25
64.25
64.25
64.1875
64.1875
64.125
64.0625
64.0
63.9375
63.9375
64.0
63.9375
63.9375
63.9375
63.9375
64.0
64.0
64.0625
64.125
64.1875
64.1875
64.25
64.25
64.3125
64.3125
64.375
64.375
64.4375
64.4375
64.5625
64.5625
64.625
64.625
64.6875
64.75
64.8125
64.8125
64.875
64.9375
65.0
65.0
65.0625
65.125
65.1875
65.25
65.3125
65.375
65.4375
65.5
65.5625
65.625
65.6875
65.6875
65.75
65.8125
65.875
65.9375
66.0
66.0625
66.125
66.1875
66.25
66.375
66.4375
66.5
66.5625
66.5625
66.6875
66.75
66.875
127.8125
128.3125
128.3125
128.3125
128.3125
128.125
128.125
128.3125
127.8125
128.125
127.9375
128.3125
128.3125
128.3125
128.3125
127.8125
128.3125
128.3125
127.8125
128.3125
127.8125
127.9375
127.9375
127.9375
128.1875
128.1875
127.9375
128.1875
128.1875
128.1875
128.1875
128.1875
128.1875
128.1875
128.1875
128.1875
127.9375
127.9375
128.1875
128.0625
128.1875
128.1875
127.9375
127.8125
128.3125
127.8125
127.9375
127.9375
127.9375
127.9375
127.9375
128.3125
128.0
128.3125
127.8125
128.1875
128.3125
127.8125
128.1875
127.9375
128.3125
128.125
128.3125
127.8125
128.1875
127.9375
128.0
127.9375
127.9375
127.9375
127.9375
128.1875
128.1875
128.1875
127.9375
128.1875
128.1875
128.1875
128.1875
128.1875
128.1875
128.1875
122.75
122.6875
122.6875
122.5625
122.5
122.5
122.375
122.4375
122.5
122.5
122.3125
122.25
122.3125
122.125
122.125
122.125
121.8125
121.875
121.8125
121.9375
121.8125
121.75
121.6875
121.6875
121.625
121.5
121.375
121.5
121.4375
121.3125
121.375
121.375
121.25
121.25
121.25
121.1875
121.25
121.25
121.1875
121.1875
121.125
121.0625
121.0
120.875
120.875
120.8125
120.8125
120.875
120.8125
120.8125
120.8125
120.75
120.75
120.6875
120.6875
120.625
120.75
120.625
120.6875
120.625
120.5
120.5
120.5
120.5
120.4375
120.4375
120.4375
120.375
120.375
120.3125
120.25
120.1875
120.125
120.0625
119.9375
119.9375
119.875
119.875
119.8125
119.75
119.75
119.75
119.6875
119.6875
119.6875
119.625
119.5625
119.5625
119.5
119.4375
119.4375
119.3125
119.25
119.25
119.125
119.125
119.0625
119.0
118.9375
118.875
118.875
118.8125
118.75
118.6875
118.625
118.625
118.5625
118.5
118.4375
118.3125
118.25
118.1875
118.0625
118.0
117.875
117.875
117.75
117.75
117.625
117.625
117.5625
117.375
117.375
117.375
117.375
117.375
116.9375
116.875
116.4375
116.4375
116.0625
116.0625
115.6875
115.75
115.75
115.5625
115.375
115.4375
115.375
115.4375
115.25
115.25
114.75
115.25
115.25
115.0625
115.1875
115.25
114.75
114.25
114.25
114.25
114.25
114.3125
114.25
114.125
114.25
114.25
114.25
114.25
114.3125
114.25
113.75
113.75
113.75
113.75
113.6875
113.75
113.625
113.6875
113.625
113.6875
113.6875
113.6875
113.6875
113.625
113.625
113.75
113.625
113.6875
113.1875
113.1875
113.5625
113.4375
113.5
113.5
113.5
113.5625
113.625
113.625
113.625
113.75
113.75
113.75
113.8125
113.75
113.75
113.75
113.75
113.75
113.75
113.75
113.75
113.75
113.6875
113.625
113.75
113.75
113.75
113.75
113.625
113.75
113.625
113.625
113.75
113.75
113.625
113.75
113.625
113.6875
113.6875
113.6875
21.3125
21.5
21.625
21.75
21.75
21.6875
21.625
21.6875
21.6875
21.6875
21.8125
21.875
21.9375
22.0
22.0
22.0
21.9375
21.9375
21.875
21.9375
22.0625
22.0625
22.125
22.125
22.1875
22.125
22.1875
22.1875
22.25
22.1875
22.25
22.25
22.3125
22.3125
22.25
22.25
22.25
22.25
22.3125
22.375
22.375
22.4375
22.5
22.4375
22.4375
22.4375
22.5
22.5625
22.5625
22.625
22.625
22.625
22.75
22.6875
22.75
22.75
22.8125
22.875
23.0
23.0625
23.0625
23.125
23.1875
23.1875
23.25
23.3125
23.375
23.375
23.4375
23.4375
23.4375
23.5
23.5
23.5625
23.5625
23.5625
23.5625
23.5625
23.5625
23.5625
23.625
23.625
23.6875
23.6875
23.75
23.8125
23.875
23.875
23.9375
24.0
24.0625
24.0625
24.125
24.25
24.3125
24.375
24.375
24.4375
24.5
24.5625
24.625
24.625
24.75
24.8125
24.8125
24.8125
24.9375
25.0
25.0
25.0625
25.125
25.1875
25.25
25.1875
25.3125
25.375
25.4375
25.5
25.5625
25.625
25.6875
25.75
25.8125
25.875
25.9375
26.0
26.0625
26.125
26.1875
26.25
26.25
26.375
26.4375
26.5
26.5625
26.625
26.6875
26.6875
26.8125
26.875
27.0
27.0625
27.125
27.1875
27.3125
27.4375
27.5
27.625
27.625
27.75
27.8125
27.9375
28.0625
28.125
28.25
28.375
28.4375
28.5
28.5625
28.625
28.75
28.875
28.875
29.0
29.0625
29.25
29.3125
29.4375
29.5625
29.5625
29.6875
29.75
13.4375
13.4375
13.4375
13.5
13.625
13.625
13.6875
13.75
13.8125
13.9375
13.9375
14.0
14.0625
14.125
14.1875
14.3125
14.25
14.1875
14.1875
14.1875
14.125
14.1875
14.1875
14.25
14.1875
14.1875
14.125
14.0625
14.0
14.0
13.9375
13.9375
14.0
14.125
14.25
14.25
14.3125
14.3125
14.3125
14.375
14.4375
14.375
14.375
14.375
14.4375
14.5
14.5
14.5
14.5
14.5
14.5625
14.625
14.6875
14.6875
14.75
14.75
14.75
14.75
14.75
14.6875
14.625
14.625
14.5625
14.625
14.6875
14.6875
14.6875
14.75
14.8125
14.8125
14.8125
14.8125
14.875
14.875
14.875
14.875
14.875
14.875
14.875
14.9375
14.9375
14.9375
15.0
15.0625
15.0625
15.125
15.1875
15.1875
15.1875
15.25
15.3125
15.3125
15.3125
15.375
15.375
15.4375
15.4375
15.5
15.5
15.5
15.5
15.5
15.5
15.5
15.5
15.5
15.5
15.4375
15.5
15.375
15.4375
15.375
15.4375
15.375
15.4375
15.4375
15.4375
15.4375
15.4375
15.5
15.5
15.5
15.5
15.5
15.5625
15.5625
15.5625
15.5625
15.5625
15.5625
15.625
15.625
15.625
15.625
15.625
15.6875
15.6875
15.75
15.75
15.75
15.75
15.8125
15.8125
15.8125
15.8125
15.8125
15.875
15.875
15.875
15.9375
15.9375
16.0
16.0625
16.125
16.125
16.1875
16.1875
16.25
16.25
16.25
16.3125
16.375
16.375
16.4375
16.5
16.5625
16.625
16.6875
16.6875
16.75
16.8125
16.8125
16.875
16.875
16.875
16.875
16.875
16.875
16.9375
16.9375
16.9375
17.0
17.0
17.0625
17.125
17.125
17.1875
17.25
17.3125
17.375
17.375
17.4375
17.5
17.5625
17.625
17.625
17.6875
17.75
17.75
17.8125
17.875
17.9375
17.9375
18.0
18.0
18.0625
18.125
18.125
18.1875
18.25
17.875
17.8125
17.8125
17.875
17.875
17.8125
17.8125
17.875
17.8125
17.875
17.875
17.9375
17.875
17.9375
17.875
17.875
17.875
17.9375
17.9375
17.9375
18.0
18.0
18.0625
18.0625
18.0625
18.125
18.1875
18.1875
18.25
18.25
18.25
18.25
18.3125
18.3125
18.3125
18.3125
18.375
18.375
18.3125
18.3125
18.3125
18.3125
18.375
18.375
18.4375
18.4375
18.375
18.4375
18.4375
18.5
18.5
18.5
18.5
18.5625
18.5625
18.5625
18.625
18.625
18.625
18.6875
18.6875
18.75
18.75
18.6875
18.6875
18.75
18.75
18.8125
18.8125
18.8125
18.875
18.875
18.875
18.875
18.9375
18.9375
18.9375
18.9375
18.9375
19.0
19.0
19.0
19.0
19.0
19.0625
19.0625
19.125
19.125
19.1875
19.1875
13.75
13.75
13.8125
13.9375
14.0
14.0625
14.0625
14.125
14.125
14.125
14.125
14.1875
14.25
14.25
14.25
14.3125
14.3125
14.25
14.25
14.25
14.3125
14.3125
14.25
14.3125
14.375
14.3125
14.3125
14.375
14.4375
14.5
14.5
14.5625
14.5625
14.5625
14.5625
14.5625
14.625
14.625
14.625
14.625
14.625
14.5625
14.5625
14.5625
14.5625
14.5625
14.625
14.625
14.625
14.5625
14.625
14.625
14.6875
14.6875
14.6875
14.6875
14.6875
14.75
14.75
14.8125
14.875
14.875
14.875
14.9375
15.0
15.0
15.0
15.0
15.0625
15.125
15.125
15.1875
15.25
15.3125
15.3125
15.375
15.4375
15.4375
15.4375
15.4375
15.5
15.5
15.5
15.5625
15.5625
15.625
15.5625
15.5625
15.5625
15.5625
15.625
15.6875
15.6875
15.75
15.8125
15.875
15.9375
16.0625
16.125
16.1875
16.25
16.3125
16.375
16.4375
11.375
11.375
11.375
11.375
11.375
11.375
11.375
11.375
11.375
11.375
11.3125
11.3125
11.25
11.25
11.3125
11.3125
11.25
11.25
11.25
11.25
11.25
11.3125
11.3125
11.3125
11.375
11.375
11.375
11.4375
11.375
11.375
11.375
11.3125
11.3125
11.3125
11.25
11.25
11.25
11.1875
11.1875
11.25
11.3125
11.375
11.4375
11.4375
11.5
11.4375
11.4375
11.4375
11.4375
11.375
11.375
11.375
11.3125
11.3125
11.3125
11.3125
11.375
11.3125
11.3125
11.375
11.3125
11.3125
11.3125
11.3125
11.3125
11.3125
11.3125
11.3125
11.3125
11.25
11.25
11.25
11.25
11.1875
11.1875
11.1875
11.125
11.125
11.125
11.125
11.0625
11.0625
11.0
11.0
11.0
10.9375
11.0
10.9375
10.9375
10.9375
10.9375
10.9375
10.9375
10.9375
10.875
10.875
-15.9375
-15.9375
-16.0
-16.0
-16.125
-16.125
-16.25
-16.375
-16.375
-16.4375
-16.375
-16.4375
-16.625
-16.6875
-16.6875
-16.5625
-16.5
-16.5
-16.4375
-16.5
-16.4375
-16.4375
-16.5
-16.5
-16.5625
-16.625
-16.75
-16.75
-16.8125
-16.8125
-16.75
-16.875
-16.8125
-16.75
-16.8125
-16.8125
-16.875
-17.0
-17.0
-17.0
-16.9375
-17.0625
-17.125
-17.0
-16.8125
-17.0625
-16.9375
-17.0
-17.1875
-17.125
-16.875
-16.9375
-17.1875
-17.3125
-17.375
-17.3125
-17.4375
-17.5625
-17.5625
-17.6875
-17.75
-17.8125
-17.9375
-18.0625
-18.1875
-18.25
-18.4375
-18.5
-18.5
-18.3125
-18.5625
-18.4375
-18.5625
-18.5625
-18.5
-18.3125
-18.375
-18.625
-18.8125
-18.9375
-18.875
-19.125
-19.125
-19.0
-19.1875
-19.25
-19.25
-19.1875
-19.25
-19.3125
-19.375
-19.5
-19.5625
-19.5625
-19.6875
-19.6875
-19.6875
-19.75
-19.875
-19.875
-19.9375
-20.0
-20.0625
-20.0625
-20.0625
-20.125
-20.1875
-20.1875
-20.3125
-20.4375
-20.4375
-20.5
-20.5625
-20.5625
-20.5625
-20.5625
-20.5625
-20.5625
-20.6875
-20.6875
-20.75
-20.8125
-20.875
-21.0
-21.0625
-21.1875
-21.1875
-21.25
-21.25
-21.25
-21.3125
-21.3125
-21.375
-21.5
-21.5
-21.5
-21.5
-21.5
-21.5
-21.5625
-21.5625
-21.5625
-21.5
-21.5
-21.5
-21.5
-21.5
-21.5
-21.5625
-21.5625
-14.0
-14.5
-14.9375
-14.75
-14.75
-14.9375
-14.75
-14.75
-14.9375
-14.75
-14.9375
-14.75
-14.75
-14.75
-14.9375
-14.9375
-14.9375
-14.9375
-14.9375
-14.75
-14.9375
-14.75
-14.9375
-14.9375
-14.9375
-14.9375
-14.9375
-14.9375
-14.9375
-14.9375
-14.9375
-14.9375
-14.9375
-14.875
-14.9375
-14.9375
-14.9375
-14.9375
-14.9375
-14.9375
-14.75
-14.9375
-14.75
-14.75
-14.9375
-14.9375
-14.9375
-14.75
-14.9375
-14.75
-14.75
-14.75
-14.75
-14.9375
-14.9375
-14.75
-14.9375
-14.9375
-14.9375
-14.75
-14.75
-14.75
-14.75
-14.9375
-14.75
-14.75
-14.9375
-14.75
-14.9375
-14.9375
-14.9375
-14.9375
-14.9375
-14.9375
-14.9375
-14.9375
-14.9375
-14.9375
-14.9375
-14.9375
-14.9375
-14.9375
-15.4375
-15.375
-15.375
-15.25
-15.625
-15.5625
-15.3125
-15.1875
-15.125
-15.0
-14.9375
-14.8125
-15.125
-15.0625
-14.625
-14.75
-14.6875
-14.625
-14.625
-14.625
-14.6875
-14.8125
-14.9375
-15.0625
-15.1875
-15.25
-15.3125
-15.3125
-15.3125
-15.25
-15.1875
-15.125
-15.125
-15.0625
-15.0
-15.0
-15.0
-15.0
-15.0
-15.0625
-15.0
-15.0
-14.9375
-14.9375
-14.875
-14.875
-14.8125
-14.875
-14.875
-14.875
-14.8125
-14.875
-14.875
-14.75
-14.8125
-14.75
-14.75
-14.8125
-14.6875
-14.875
-14.9375
-14.75
-14.8125
-14.9375
-15.0
-14.875
-14.875
-14.875
-14.875
-14.8125
-14.9375
-14.875
-15.125
-15.125
-15.0625
-15.0625
-15.125
-15.125
-15.125
-15.25
-15.25
-15.3125
-15.375
-15.375
-15.375
-15.4375
-15.5
-15.5625
-15.625
-15.6875
-15.75
-15.75
-15.8125
-15.8125
-15.75
-15.8125
-15.875
-15.9375
-15.9375
-15.9375
-16.0625
-16.0
-16.125
-16.125
-16.1875
-16.3125
-16.375
-16.5
-16.5
-16.5625
-16.5625
-16.625
-16.75
-16.8125
-16.9375
-16.875
-17.0625
-17.125
-17.25
-17.25
-17.375
-17.4375
-17.5
-17.5625
-17.625
-17.6875
-17.75
-17.8125
-17.875
-17.9375
-18.0
-18.125
-18.1875
-18.3125
-18.375
-18.5
-18.5625
-18.6875
-18.75
-18.8125
-18.875
-18.9375
-19.0
-19.0625
-19.125
-19.1875
-19.25
-19.375
-19.4375
-19.5
-19.5625
-19.6875
-19.75
-19.8125
-19.9375
-20.0
-20.125
-20.1875
-20.25
-20.25
-20.3125
-20.375
-20.5
-20.5
-20.5625
-20.5625
-20.625
-20.625
-20.625
-20.6875
-20.6875
-20.6875
-20.6875
-20.6875
-20.6875
-20.6875
-20.75
-20.75
-20.9375
-20.9375
-21.1875
-21.1875
-21.1875
-21.3125
-21.4375
-21.4375
-21.4375
-21.4375
-21.5
-21.5
-21.6875
-21.5
-21.5
-21.5625
-21.5
-21.5
-21.6875
-22.1875
-22.375
-22.375
-22.375
-22.375
-22.375
-22.375
-22.375
-22.375
-22.375
-22.375
-22.375
-22.375
-22.875
-23.375
-23.375
-23.375
-23.5
-23.375
-23.5
-23.5
-23.5
-23.5
-23.5
-23.5
22.5625
22.625
22.625
22.625
22.75
22.6875
22.75
22.75
22.8125
22.875
23.0
23.0625
23.0625
23.125
23.1875
23.1875
23.25
23.3125
23.375
23.375
23.4375
23.4375
23.4375
23.5
23.5
23.5625
23.5625
23.5625
23.5625
23.5625
23.5625
23.5625
23.625
23.625
23.6875
23.6875
23.75
23.8125
23.875
23.875
23.9375
24.0
24.0625
24.0625
24.125
24.25
24.3125
24.375
24.375
24.4375
24.5
24.5625
24.625
24.625
24.75
24.8125
24.8125
24.8125
24.9375
25.0
25.0
25.0625
25.125
25.1875
25.25
25.1875
25.3125
25.375
25.4375
25.5
25.5625
25.625
25.6875
25.75
25.8125
25.875
25.9375
26.0
26.0625
26.125
26.1875
26.25
26.25
26.375
26.4375
26.5
26.5625
26.625
26.6875
26.6875
26.8125
26.875
27.0
27.0625
27.125
27.1875
27.3125
27.4375
27.5
27.625
27.625
27.75
27.8125
27.9375
28.0625
28.125
28.25
28.375
28.4375
28.5
28.5625
28.625
28.75
28.875
28.875
29.0
29.0625
29.25
29.3125
29.4375
29.5625
29.5625
29.6875
29.75
29.875
30.0
30.0625
30.125
30.1875
30.25
30.3125
30.3125
30.3125
30.3125
30.3125
30.3125
30.3125
30.5625
30.5625
30.5625
30.5625
30.5625
30.5625
30.5625
30.5625
30.4375
30.4375
30.5
30.4375
30.4375
30.5
30.4375
30.5
30.4375
30.5625
30.5
30.4375
30.5
30.4375
30.5
30.5625
30.0625
29.875
29.9375
30.1875
30.0625
30.0625
30.0625
30.0625
30.1875
30.25
30.25
14.5
14.5
14.5625
14.625
14.6875
14.6875
14.75
14.75
14.75
14.75
14.75
14.6875
14.625
14.625
14.5625
14.625
14.6875
14.6875
14.6875
14.75
14.8125
14.8125
14.8125
14.8125
14.875
14.875
14.875
14.875
14.875
14.875
14.875
14.9375
14.9375
14.9375
15.0
15.0625
15.0625
15.125
15.1875
15.1875
15.1875
15.25
15.3125
15.3125
15.3125
15.375
15.375
15.4375
15.4375
15.5
15.5
15.5
15.5
15.5
15.5
15.5
15.5
15.5
15.5
15.4375
15.5
15.375
15.4375
15.375
15.4375
15.375
15.4375
15.4375
15.4375
15.4375
15.4375
15.5
15.5
15.5
15.5
15.5
15.5625
15.5625
15.5625
15.5625
15.5625
15.5625
15.625
15.625
15.625
15.625
15.625
15.6875
15.6875
15.75
15.75
15.75
15.75
15.8125
15.8125
15.8125
15.8125
15.8125
15.875
15.875
15.875
15.9375
15.9375
16.0
16.0625
16.125
16.125
16.1875
16.1875
16.25
16.25
16.25
16.3125
16.375
16.375
16.4375
16.5
16.5625
16.625
16.6875
16.6875
16.75
16.8125
16.8125
16.875
16.875
16.875
16.875
16.875
16.875
16.9375
16.9375
16.9375
17.0
17.0
17.0625
17.125
17.125
17.1875
17.25
17.3125
17.375
17.375
17.4375
17.5
17.5625
17.625
17.625
17.6875
17.75
17.75
17.8125
17.875
17.9375
17.9375
18.0
18.0
18.0625
18.125
18.125
18.1875
18.25
18.25
18.3125
18.3125
18.375
18.4375
18.4375
18.5
18.5
18.5625
18.5625
18.625
18.6875
18.75
18.75
18.8125
18.8125
18.875
18.9375
18.9375
19.0
19.0
19.0625
19.125
19.125
19.1875
19.25
19.3125
19.375
19.4375
19.5
19.5
19.5625
19.625
19.625
19.6875
19.75
19.75
19.8125
19.875
19.9375
19.9375
19.9375
20.0
20.0625
20.125
20.1875
20.1875
20.25
18.4375
18.5
18.5
18.5
18.5
18.5625
18.5625
18.5625
18.625
18.625
18.625
18.6875
18.6875
18.75
18.75
18.6875
18.6875
18.75
18.75
18.8125
18.8125
18.8125
18.875
18.875
18.875
18.875
18.9375
18.9375
18.9375
18.9375
18.9375
19.0
19.0
19.0
19.0
19.0
19.0625
19.0625
19.125
19.125
19.1875
19.1875
19.25
19.25
19.25
19.25
19.3125
19.3125
19.3125
19.375
19.375
19.4375
19.4375
19.5
19.5
19.5625
19.5625
19.625
19.625
19.6875
19.6875
19.75
19.75
19.8125
19.875
19.875
19.9375
19.9375
20.0
20.0
20.0625
20.125
20.125
20.1875
20.25
20.25
20.25
20.3125
20.375
20.4375
20.4375
20.5
20.5
20.5625
20.5625
20.625
20.6875
20.6875
20.75
20.8125
14.625
14.5625
14.625
14.625
14.6875
14.6875
14.6875
14.6875
14.6875
14.75
14.75
14.8125
14.875
14.875
14.875
14.9375
15.0
15.0
15.0
15.0
15.0625
15.125
15.125
15.1875
15.25
15.3125
15.3125
15.375
15.4375
15.4375
15.4375
15.4375
15.5
15.5
15.5
15.5625
15.5625
15.625
15.5625
15.5625
15.5625
15.5625
15.625
15.6875
15.6875
15.75
15.8125
15.875
15.9375
16.0625
16.125
16.1875
16.25
16.3125
16.375
16.4375
16.5
16.5
16.5625
16.625
16.6875
16.6875
16.6875
16.75
16.8125
16.875
16.9375
17.0
17.125
17.125
17.1875
17.1875
17.25
17.3125
17.375
17.4375
17.4375
17.5
17.5625
17.5625
17.5625
17.5625
17.625
17.625
17.6875
17.6875
17.75
17.8125
17.875
17.9375
17.9375
18.0
18.0625
18.125
18.1875
18.25
18.3125
18.4375
18.4375
18.5625
18.625
18.6875
18.75
18.8125
11.4375
11.375
11.375
11.375
11.3125
11.3125
11.3125
11.3125
11.375
11.3125
11.3125
11.375
11.3125
11.3125
11.3125
11.3125
11.3125
11.3125
11.3125
11.3125
11.3125
11.25
11.25
11.25
11.25
11.1875
11.1875
11.1875
11.125
11.125
11.125
11.125
11.0625
11.0625
11.0
11.0
11.0
10.9375
11.0
10.9375
10.9375
10.9375
10.9375
10.9375
10.9375
10.9375
10.875
10.875
10.875
10.875
10.875
10.875
10.8125
10.8125
10.8125
10.8125
10.8125
10.8125
10.8125
10.8125
10.75
10.6875
10.6875
10.6875
10.625
10.5625
10.1875
10.1875
10.1875
10.1875
10.1875
10.1875
10.1875
10.1875
10.1875
10.125
10.1875
10.1875
9.875
9.375
9.4375
9.125
8.625
8.125
7.625
7.125
6.625
6.125
6.0
5.5
5.0
4.5
4.0
3.6875
3.1875
2.6875
-17.1875
-17.125
-16.875
-16.9375
-17.1875
-17.3125
-17.375
-17.3125
-17.4375
-17.5625
-17.5625
-17.6875
-17.75
-17.8125
-17.9375
-18.0625
-18.1875
-18.25
-18.4375
-18.5
-18.5
-18.3125
-18.5625
-18.4375
-18.5625
-18.5625
-18.5
-18.3125
-18.375
-18.625
-18.8125
-18.9375
-18.875
-19.125
-19.125
-19.0
-19.1875
-19.25
-19.25
-19.1875
-19.25
-19.3125
-19.375
-19.5
-19.5625
-19.5625
-19.6875
-19.6875
-19.6875
-19.75
-19.875
-19.875
-19.9375
-20.0
-20.0625
-20.0625
-20.0625
-20.125
-20.1875
-20.1875
-20.3125
-20.4375
-20.4375
-20.5
-20.5625
-20.5625
-20.5625
-20.5625
-20.5625
-20.5625
-20.6875
-20.6875
-20.75
-20.8125
-20.875
-21.0
-21.0625
-21.1875
-21.1875
-21.25
-21.25
-21.25
-21.3125
-21.3125
-21.375
-21.5
-21.5
-21.5
-21.5
-21.5
-21.5
-21.5625
-21.5625
-21.5625
-21.5
-21.5
-21.5
-21.5
-21.5
-21.5
-21.5625
-21.5625
-21.5625
-21.625
-21.625
-21.6875
-21.75
-21.75
-21.8125
-21.875
-21.875
-21.9375
-22.0
-22.0625
-22.125
-22.1875
-22.25
-22.3125
-22.375
-22.4375
-22.5
-22.625
-22.6875
-22.75
-22.8125
-22.8125
-22.9375
-23.0
-23.0625
-23.125
-23.25
-23.3125
-23.4375
-23.4375
-23.5625
-23.625
-23.75
-23.8125
-23.875
-23.9375
-24.0
-24.0625
-24.125
-24.125
-24.25
-24.3125
-24.375
-24.4375
-24.4375
-24.5
-14.9375
-14.75
-14.75
-14.75
-14.75
-14.9375
-14.9375
-14.75
-14.9375
-14.9375
-14.9375
-14.75
-14.75
-14.75
-14.75
-14.9375
-14.75
-14.75
-14.9375
-14.75
-14.9375
-14.9375
-14.9375
-14.9375
-14.9375
-14.9375
-14.9375
-14.9375
-14.9375
-14.9375
-14.9375
-14.9375
-14.9375
-14.9375
-14.875
-14.9375
-14.9375
-14.9375
-14.9375
-14.9375
-14.9375
-14.9375
-14.75
-14.9375
-14.75
-14.9375
-14.9375
-14.9375
-14.9375
-14.9375
-14.9375
-14.75
-14.9375
-14.75
-14.9375
-14.9375
-14.75
-14.9375
-14.9375
-14.9375
-14.75
-14.9375
-14.75
-14.9375
-14.9375
-14.9375
-14.9375
-14.9375
-14.9375
-14.9375
-14.9375
-14.9375
-14.9375
-14.9375
-14.9375
-14.9375
-14.9375
-14.9375
-14.9375
-14.9375
-14.9375
-14.9375
-14.875
-14.875
-14.8125
-14.875
-14.875
-14.75
-14.8125
-14.75
-14.75
-14.8125
-14.6875
-14.875
-14.9375
-14.75
-14.8125
-14.9375
-15.0
-14.875
-14.875
-14.875
-14.875
-14.8125
-14.9375
-14.875
-15.125
-15.125
-15.0625
-15.0625
-15.125
-15.125
-15.125
-15.25
-15.25
-15.3125
-15.375
-15.375
-15.375
-15.4375
-15.5
-15.5625
-15.625
-15.6875
-15.75
-15.75
-15.8125
-15.8125
-15.75
-15.8125
-15.875
-15.9375
-15.9375
-15.9375
-16.0625
-16.0
-16.125
-16.125
-16.1875
-16.3125
-16.375
-16.5
-16.5
-16.5625
-16.5625
-16.625
-16.75
-16.8125
-16.9375
-16.875
-17.0625
-17.125
-17.25
-17.25
-17.375
-17.4375
-17.5
-17.5625
-17.625
-17.6875
-17.75
-17.8125
-17.875
-17.9375
-18.0
-18.125
-18.1875
-18.3125
-18.375
-18.5
-18.5625
-18.6875
-18.75
-18.8125
-18.875
-18.9375
-19.0
-19.0625
-19.125
-19.1875
-19.25
-19.375
-19.4375
-19.5
-19.5625
-19.6875
-19.75
-19.8125
-19.9375
-20.0
-20.125
-20.1875
-20.25
-20.25
-20.3125
-20.375
-20.5
-20.5
-20.5625
-20.5625
-20.625
-20.625
-20.625
-20.6875
-20.6875
-20.6875
-20.6875
-20.6875
-20.6875
-20.6875
-20.75
-20.75
-20.9375
-20.9375
-21.1875
-21.1875
-21.1875
-21.3125
-21.4375
-21.4375
-21.4375
-21.4375
-21.5
-21.5
-21.6875
-21.5
-21.5
-21.5625
-21.5
-21.5
-21.6875
-22.1875
-22.375
-22.375
-22.375
-22.375
-22.375
-22.375
-22.375
-22.375
-22.375
-22.375
-22.375
-22.375
-22.875
-23.375
-23.375
-23.375
-23.5
-23.375
-23.5
-23.5
-23.5
-23.5
-23.5
-23.5
-23.5
-23.5
-23.5
-23.375
-23.5
-23.5
-24.0
-24.5
-24.8125
-25.25
-25.0625
-24.8125
-25.3125
-25.4375
-25.4375
-25.375
-25.625
-25.625
-25.4375
-25.375
-25.375
-25.375
-25.375
-25.375
-25.4375
-25.375
-25.375
-25.375
-25.375
-25.25
-25.25
-25.375
-25.25
-25.25
-25.25
-25.25
-25.375
-25.25
-25.375
-25.375
-25.25
-25.25
-25.375
-25.25
-25.375
-25.375
-25.375
-25.375
100480.15625
100481.6015625
100471.5
100426.75
100432.6328125
100460.3359375
100307.0390625
100201.265625
100254.46875
100298.6875
100238.6953125
100122.1796875
100019.609375
99983.8515625
99893.0859375
99920.78125
99878.421875
99779.46875
99739.984375
99697.65625
99713.2734375
99729.8515625
99704.734375
99671.90625
99652.3984375
99744.0859375
99713.3984375
99687.1640625
99624.8359375
99625.640625
99540.5234375
99465.171875
99316.4921875
99293.0390625
99201.0546875
99170.46875
99075.296875
98996.9375
98890.15625
98812.15625
98790.5703125
98798.1875
98750.4921875
98758.578125
98745.09375
98667.390625
98550.8359375
98474.234375
98366.390625
98259.703125
98163.96875
98147.328125
98067.3046875
98033.34375
97936.8515625
97893.890625
97743.203125
97607.90625
97406.40625
97392.5625
97399.734375
97330.765625
97241.53125
97257.6328125
97123.59375
97076.9765625
96996.15625
96837.6796875
96845.875
96858.828125
96834.6875
96846.328125
96876.9921875
96849.296875
96813.484375
96791.9375
96750.21875
96787.4765625
96836.78125
96833.09375
96826.09375
96806.8984375
96773.4609375
96685.390625
96498.578125
96518.4609375
96460.75
96315.390625
96051.03125
96012.5078125
96046.546875
96026.4296875
95948.578125
95738.9296875
95587.3125
95567.25
95553.0625
95431.515625
95285.1484375
95394.171875
95420.953125
95426.3671875
95521.421875
95494.453125
95524.953125
95539.3828125
95489.921875
95551.0625
95504.09375
95485.484375
95486.390625
95404.65625
95297.65625
95339.59375
95206.65625
95204.671875
95110.859375
95129.0078125
95124.546875
95180.40625
95147.3125
95136.5625
95054.125
95026.5
95068.46875
95090.984375
95163.8515625
95160.4921875
95017.40625
94950.984375
94987.53125
94933.625
94884.875
94809.4375
94646.984375
94583.46875
94491.078125
94467.1640625
94443.28125
94382.625
94300.15625
94272.171875
94255.09375
94362.546875
94274.921875
94227.375
94198.890625
94115.515625
94133.8125
94099.421875
94091.453125
94039.125
93963.21875
94032.875
93983.46875
93943.03125
93874.015625
93932.875
93901.265625
93873.671875
93733.375
93629.609375
93746.0234375
93747.2578125
93646.953125
93725.25
93733.125
93763.7109375
93732.4375
93907.390625
93995.21875
94134.640625
99552.046875
99640.6484375
99694.328125
99701.015625
99605.5625
99688.734375
99736.1328125
99793.0234375
99835.765625
99880.78125
99915.109375
99886.265625
99913.828125
99879.921875
99830.65625
99769.359375
99773.265625
99778.796875
99759.625
99721.5
99686.6640625
99657.5859375
99730.5546875
99719.3203125
99740.8203125
99706.546875
99729.78125
99606.140625
99553.1171875
99475.6015625
99498.3828125
99434.75
99303.2265625
99217.828125
99131.96875
99120.875
99245.25
99319.078125
99372.3125
99370.7578125
99372.421875
99383.53125
99253.78125
98988.03125
98530.546875
98137.640625
98372.96875
98439.421875
98460.15625
98535.0703125
98434.6875
98300.1875
98212.0
98340.7578125
98397.0546875
98487.8515625
98556.03125
98660.34375
98565.640625
98439.1875
98269.15625
98023.8359375
98067.171875
98097.1171875
98286.515625
98308.1328125
98307.28125
98318.421875
98355.1796875
98243.4375
98168.3671875
98056.75
97873.671875
97714.6953125
97723.3125
97761.546875
97738.125
97698.046875
97527.625
97152.8984375
97044.765625
97126.078125
97259.8984375
97347.21875
97233.328125
97175.53125
97182.859375
97170.875
96911.78125
96763.328125
96633.046875
96612.90625
96856.46875
96965.09375
97021.578125
96706.421875
96820.359375
96803.828125
96699.078125
96689.84375
96669.3046875
96773.4921875
96936.3359375
96983.890625
97031.90625
97015.984375
96946.8515625
96940.265625
96933.328125
96965.1328125
96734.9609375
96557.078125
96484.265625
96470.859375
96369.9921875
96356.0078125
96181.640625
96056.359375
96105.515625
96105.140625
96015.90625
95998.59375
96020.65625
95965.34375
96013.0
95984.5546875
96037.109375
96044.4375
96108.46875
96228.859375
96223.171875
96321.390625
96305.6796875
96353.65625
96345.4140625
96264.1640625
96286.75
96300.078125
96325.3125
96299.546875
96278.9375
96131.3125
95968.0
95949.75
95954.4296875
95978.4609375
95774.875
95709.328125
95741.90625
95714.421875
95737.0078125
95691.046875
95755.2890625
95897.25
95947.171875
95960.1328125
96089.71875
96027.046875
96102.421875
96120.6640625
95949.625
95941.6328125
95960.2109375
95866.9375
95901.78125
95897.5703125
95952.3828125
95949.765625
95951.1875
95897.2578125
95817.265625
95899.484375
95810.515625
95790.6171875
95722.7734375
95666.9296875
95720.140625
95719.90625
95748.1953125
95777.2734375
95793.5390625
95786.90625
95863.15625
95865.0859375
95929.9375
96053.59375
96011.25
96043.734375
95977.03125
95882.875
95883.2109375
95822.0078125
95742.6328125
95567.21875
95512.2890625
95557.6953125
95547.1796875
95598.359375
95624.578125
95614.828125
95581.5546875
95651.578125
95678.9453125
95682.453125
95750.515625
95754.90625
95739.6796875
95725.375
95757.5390625
95778.5
98773.6171875
98690.828125
98614.0703125
98565.1953125
98558.5
98601.953125
98511.8359375
98469.9296875
98421.828125
98362.7578125
98291.328125
98132.328125
98123.1328125
98019.34375
97994.15625
97909.1640625
97804.6875
97662.125
97573.3125
97513.859375
97471.6171875
97336.109375
97306.375
97259.6875
97239.78125
97158.4375
97067.9453125
97066.609375
96992.90625
97034.328125
97069.390625
97132.6875
97067.9296875
97038.59375
97082.34375
97143.9765625
97137.328125
97170.046875
97068.5546875
97066.5859375
97050.296875
97013.75
97024.3046875
97008.96875
96930.640625
96851.828125
96835.25
96785.53125
96784.6328125
96713.796875
96620.375
96518.2734375
96487.828125
96458.984375
96547.03125
96599.25
96282.671875
96296.2890625
96377.4296875
96351.03125
96269.125
96187.5
96278.0
96250.65625
96163.328125
96015.65625
95988.421875
96072.25
96064.140625
95985.484375
95886.390625
95691.796875
95700.828125
95638.3125
95590.671875
95539.171875
95443.6171875
95489.28125
95538.0859375
95491.109375
95512.453125
95483.8984375
95406.1796875
95524.640625
95577.34375
95558.8515625
95549.828125
95555.3515625
95502.015625
95548.921875
99371.03125
99387.734375
99517.09375
99454.5625
99455.4296875
99368.90625
99380.3984375
99342.78125
99303.78125
99121.1875
99207.96875
99144.390625
99126.71875
99112.59375
99103.09375
99103.09375
99089.921875
99082.359375
99009.8671875
99035.890625
98991.15625
98878.84375
98787.640625
98742.15625
98700.8125
98520.546875
98329.109375
98175.453125
97924.171875
97845.3125
97641.828125
97701.5
97760.109375
97683.3203125
97876.59375
98057.953125
98154.2578125
98173.9140625
97982.015625
97790.34375
97571.375
97653.75
97860.90625
98076.328125
98202.296875
98257.703125
98279.734375
98272.7421875
98225.8125
98122.0
97974.5625
97712.28125
97404.84375
97291.1953125
97238.984375
97122.5390625
96900.78125
96857.4375
96788.5546875
96764.03125
96748.46875
96747.890625
96969.3515625
96727.0390625
96643.0546875
96574.390625
96708.203125
96783.0859375
96784.8125
96536.234375
96685.53125
96919.78125
97040.4921875
97165.75
97054.1875
97222.3671875
97277.9921875
97410.96875
97283.8203125
97392.0390625
97500.203125
97434.75
97296.71875
97162.390625
97202.140625
97232.375
97368.890625
97272.5625
97276.421875
97224.359375
97303.28125
97225.875
97184.6171875
97247.8125
97392.1875
97410.40625
97339.96875
97153.828125
97132.421875
97070.1875
97129.9375
97205.046875
97187.984375
97199.6015625
99491.03125
99532.015625
99564.515625
99592.6484375
99559.09375
99468.921875
99328.984375
99316.046875
99374.125
99388.859375
99477.828125
99447.4296875
99413.328125
99320.59375
99358.4609375
99257.28125
99177.375
99091.40625
99004.8046875
98975.640625
98892.5625
98856.6171875
98738.0625
98807.0
98810.7109375
98823.6953125
98778.71875
98883.9921875
98936.765625
99015.234375
98974.15625
99008.8828125
99034.703125
99061.09375
99150.1953125
99066.984375
99185.046875
99228.703125
99338.75
99368.921875
99509.0078125
99505.859375
99555.546875
99472.0078125
99457.03125
99535.4375
99490.5
99449.6640625
99406.203125
99455.1796875
99418.5390625
99442.3984375
99415.8359375
99401.625
99402.671875
99377.1953125
99354.609375
99360.59375
99376.8359375
99417.9765625
99519.9765625
99599.0
99568.8828125
99610.796875
99635.78125
99664.84375
99651.453125
99657.09375
99653.5546875
99685.171875
99623.890625
99564.078125
99487.546875
99364.78125
99321.8984375
99211.328125
99046.9375
99048.203125
98821.1953125
98720.21875
98757.84375
98787.0078125
98742.578125
98777.0078125
98810.1875
98977.1484375
99007.7578125
99033.8046875
99106.46875
99097.15625
99083.7265625
99131.0
99034.53125
98957.1875
98919.359375
98815.828125
98621.4921875
98593.8046875
98626.2734375
98603.90625
98656.6328125
98682.2265625
98691.546875
98668.28125
98673.2734375
98687.984375
98657.328125
98698.46875
98728.6484375
98608.234375
98577.5
98389.859375
98359.3125
98284.1328125
98253.65625
98228.9375
98190.359375
98207.5
98281.3203125
98273.84375
98274.3125
98282.875
98328.46875
98322.453125
98311.7265625
98370.25
98352.53125
98366.46875
98301.234375
98352.96875
98385.40625
98383.953125
98311.4921875
98321.9609375
98288.125
98189.875
98075.9140625
97999.359375
97891.7890625
97816.796875
97762.015625
97772.03125
97708.40625
97633.9375
97755.28125
97661.953125
97644.5
97731.5234375
97770.078125
97826.1171875
97870.109375
97859.5234375
97870.1875
97935.9375
97933.296875
97946.7734375
97969.6875
97911.09375
97898.875
97905.625
97925.265625
97878.125
97842.5625
97784.4296875
97665.125
97588.4375
97632.8125
97558.046875
97634.796875
97537.453125
97439.265625
97338.1171875
97384.0
97368.40625
97408.7578125
97472.9296875
97456.2265625
97503.59375
97465.15625
97286.3125
97290.40625
97253.515625
97226.484375
97125.828125
97033.875
97024.703125
97008.5
96990.6875
96928.9375
96868.390625
96877.34375
96828.71875
96844.4453125
96869.109375
96880.5625
96904.28125
96995.0625
97069.390625
97053.484375
97027.9375
97074.40625
97094.59375
97103.765625
97108.84375
97120.515625
97145.765625
97098.671875
97117.421875
97094.421875
97011.8125
97008.09375
97015.890625
96895.34375
96798.75
96605.53125
96428.5
96179.5
95808.1875
95639.5625
95725.265625
95506.015625
95408.1875
95557.21875
95175.6875
95153.8203125
95196.859375
95225.40625
95289.953125
95010.5703125
94948.421875
94754.265625
94552.546875
94411.65625
94160.875
94058.9921875
94031.703125
93878.5625
93972.3359375
93931.0
94029.5234375
94000.921875
94042.6640625
93969.0625
93780.9375
93831.3125
93819.515625
100839.3515625
100808.6171875
100783.84375
100728.90625
100674.3203125
100702.375
100654.2890625
100615.703125
100636.2421875
100592.2109375
100660.28125
100639.078125
100665.625
100704.21875
100808.90625
100830.578125
100924.703125
100953.15625
100955.046875
100938.0625
100971.90625
100935.46875
100970.421875
100941.5
100909.328125
100879.6484375
100819.625
100815.4140625
100746.53125
100701.9375
100662.875
100604.265625
100594.8828125
100643.046875
100629.40625
100604.0078125
100600.375
100620.3125
100615.484375
100634.09375
100608.515625
100678.03125
100682.875
100700.9921875
100747.484375
100748.2578125
100773.5
100715.328125
100752.34375
100675.578125
100634.0
100621.65625
100591.484375
100579.3359375
100550.046875
100491.578125
100539.015625
100525.859375
100566.4453125
100538.953125
100569.296875
100619.25
100659.3046875
100749.4140625
100731.3203125
100775.203125
100817.3125
100824.2734375
100861.28125
100846.828125
100841.7890625
100830.625
100752.03125
100726.4609375
100705.890625
100618.796875
100577.453125
100510.015625
100479.9140625
100442.1875
100402.03125
100354.71875
100209.96875
100192.796875
100203.65625
100139.84375
100121.015625
100164.390625
100076.5
99920.5
99887.4140625
99979.9921875
99945.0078125
99844.953125
99792.8984375
100003.03125
99978.359375
99979.65625
99836.125
99685.59375
99537.671875
99541.03125
99683.875
99785.15625
99691.140625
99658.921875
99658.0
99630.1171875
99480.28125
99449.515625
99410.796875
99294.0078125
99285.03125
99302.4375
99319.1171875
99260.546875
99247.96875
99190.234375
99149.765625
99106.78125
99146.015625
99172.28125
99163.5078125
99277.203125
99246.8125
99295.84375
99261.7734375
99363.8046875
99370.359375
99395.3125
99419.5078125
99416.5859375
99374.84375
99430.1875
99364.78125
99284.984375
99268.203125
99115.40625
99073.515625
99018.5625
98917.0390625
98888.5
98784.3046875
98600.609375
98763.0
98806.328125
98793.046875
98594.46875
98541.8984375
98495.9609375
98525.484375
98569.390625
98563.59375
98418.8359375
98397.78125
98243.6015625
98161.453125
98087.375
97992.0546875
97957.015625
97878.421875
97836.4140625
97743.984375
97752.203125
97664.3125
97536.6953125
97468.1875
97410.9375
97420.265625
97397.1484375
97322.7109375
97250.46875
97199.171875
97097.265625
97045.4375
96888.046875
96801.171875
96717.109375
96683.3359375
96631.90625
96550.46875
96322.4296875
96101.078125
95938.15625
95785.859375
95745.8046875
95570.6171875
95530.046875
95314.484375
95188.90625
95024.09375
94913.25
94753.234375
94669.8125
94602.15625
94469.28125
94413.984375
94249.15625
94169.203125
94092.625
94077.984375
94001.78125
93994.34375
93925.546875
93921.2890625
93847.125
93717.875
93581.71875
93529.796875
93469.15625
93328.84375
93168.3671875
93113.890625
93072.328125
92927.0
92863.65625
92791.9453125
92611.828125
92445.4921875
92477.1875
92267.65625
92319.015625
92312.7578125
92180.9375
92121.7578125
92126.5625
92066.734375
92056.8828125
92169.796875
92194.828125
92137.734375
92197.390625
92106.421875
92205.75
92237.7421875
92267.0625
92312.109375
92288.28125
92363.671875
92454.890625
92534.765625
92683.296875
92905.109375
93077.921875
93474.484375
93437.40625
94116.453125
94534.4375
94961.3203125
95729.171875
96622.984375
96939.203125
97380.84375
97829.0625
98248.859375
98519.515625
98775.8515625
98887.203125
98981.484375
99034.1875
99145.7578125
99152.7734375
99247.6171875
99213.3203125
99252.953125
99312.2421875
99392.234375
99357.9375
99450.40625
99478.03125
99577.234375
99612.03125
99664.3203125
99642.203125
99678.421875
99696.703125
99709.6171875
99690.125
99714.546875
99669.078125
99612.828125
99600.7109375
99593.6875
99574.15625
99574.65625
99620.7265625
99606.8046875
99592.1484375
99642.5390625
99652.78125
99673.21875
99763.5
99788.859375
99783.75
99786.109375
99794.703125
99808.0859375
99763.125
99784.6796875
99731.4375
99744.6953125
99699.671875
99732.3515625
99690.4765625
98366.390625
98259.703125
98163.96875
98147.328125
98067.3046875
98033.34375
97936.8515625
97893.890625
97743.203125
97607.90625
97406.40625
97392.5625
97399.734375
97330.765625
97241.53125
97257.6328125
97123.59375
97076.9765625
96996.15625
96837.6796875
96845.875
96858.828125
96834.6875
96846.328125
96876.9921875
96849.296875
96813.484375
96791.9375
96750.21875
96787.4765625
96836.78125
96833.09375
96826.09375
96806.8984375
96773.4609375
96685.390625
96498.578125
96518.4609375
96460.75
96315.390625
96051.03125
96012.5078125
96046.546875
96026.4296875
95948.578125
95738.9296875
95587.3125
95567.25
95553.0625
95431.515625
95285.1484375
95394.171875
95420.953125
95426.3671875
95521.421875
95494.453125
95524.953125
95539.3828125
95489.921875
95551.0625
95504.09375
95485.484375
95486.390625
95404.65625
95297.65625
95339.59375
95206.65625
95204.671875
95110.859375
95129.0078125
95124.546875
95180.40625
95147.3125
95136.5625
95054.125
95026.5
95068.46875
95090.984375
95163.8515625
95160.4921875
95017.40625
94950.984375
94987.53125
94933.625
94884.875
94809.4375
94646.984375
94583.46875
94491.078125
94467.1640625
94443.28125
94382.625
94300.15625
94272.171875
94255.09375
94362.546875
94274.921875
94227.375
94198.890625
94115.515625
94133.8125
94099.421875
94091.453125
94039.125
93963.21875
94032.875
93983.46875
93943.03125
93874.015625
93932.875
93901.265625
93873.671875
93733.375
93629.609375
93746.0234375
93747.2578125
93646.953125
93725.25
93733.125
93763.7109375
93732.4375
93907.390625
93995.21875
94134.640625
94180.390625
94211.2734375
94285.671875
94335.0234375
94440.3046875
94898.6875
95874.125
97001.390625
97883.3515625
98445.9375
98855.8203125
99219.46875
99488.7421875
99256.015625
99586.78125
99782.421875
99936.7578125
100103.4609375
100252.375
100357.53125
100483.3515625
100580.0078125
100674.84375
100764.6875
100836.765625
100894.8984375
100888.9375
100908.171875
100910.1875
100894.890625
100893.109375
100890.3515625
100886.84375
100840.4453125
100870.390625
100849.640625
100824.8125
100870.734375
100839.75
100810.859375
100785.65625
100712.296875
100740.6875
100813.453125
100831.2421875
100849.6171875
100886.046875
100927.5
98460.15625
98535.0703125
98434.6875
98300.1875
98212.0
98340.7578125
98397.0546875
98487.8515625
98556.03125
98660.34375
98565.640625
98439.1875
98269.15625
98023.8359375
98067.171875
98097.1171875
98286.515625
98308.1328125
98307.28125
98318.421875
98355.1796875
98243.4375
98168.3671875
98056.75
97873.671875
97714.6953125
97723.3125
97761.546875
97738.125
97698.046875
97527.625
97152.8984375
97044.765625
97126.078125
97259.8984375
97347.21875
97233.328125
97175.53125
97182.859375
97170.875
96911.78125
96763.328125
96633.046875
96612.90625
96856.46875
96965.09375
97021.578125
96706.421875
96820.359375
96803.828125
96699.078125
96689.84375
96669.3046875
96773.4921875
96936.3359375
96983.890625
97031.90625
97015.984375
96946.8515625
96940.265625
96933.328125
96965.1328125
96734.9609375
96557.078125
96484.265625
96470.859375
96369.9921875
96356.0078125
96181.640625
96056.359375
96105.515625
96105.140625
96015.90625
95998.59375
96020.65625
95965.34375
96013.0
95984.5546875
96037.109375
96044.4375
96108.46875
96228.859375
96223.171875
96321.390625
96305.6796875
96353.65625
96345.4140625
96264.1640625
96286.75
96300.078125
96325.3125
96299.546875
96278.9375
96131.3125
95968.0
95949.75
95954.4296875
95978.4609375
95774.875
95709.328125
95741.90625
95714.421875
95737.0078125
95691.046875
95755.2890625
95897.25
95947.171875
95960.1328125
96089.71875
96027.046875
96102.421875
96120.6640625
95949.625
95941.6328125
95960.2109375
95866.9375
95901.78125
95897.5703125
95952.3828125
95949.765625
95951.1875
95897.2578125
95817.265625
95899.484375
95810.515625
95790.6171875
95722.7734375
95666.9296875
95720.140625
95719.90625
95748.1953125
95777.2734375
95793.5390625
95786.90625
95863.15625
95865.0859375
95929.9375
96053.59375
96011.25
96043.734375
95977.03125
95882.875
95883.2109375
95822.0078125
95742.6328125
95567.21875
95512.2890625
95557.6953125
95547.1796875
95598.359375
95624.578125
95614.828125
95581.5546875
95651.578125
95678.9453125
95682.453125
95750.515625
95754.90625
95739.6796875
95725.375
95757.5390625
95778.5
95875.53125
95851.7265625
95904.859375
95862.859375
95863.78125
95932.46875
95903.796875
95892.21875
95852.046875
95855.859375
95940.9140625
95916.8671875
95920.125
95966.09375
96001.734375
96040.609375
96115.6875
96275.953125
96310.328125
96384.390625
96441.09375
96453.5859375
96570.796875
96626.8125
96627.59375
96662.40625
96715.0234375
96754.25
96730.03125
96738.40625
96738.9296875
96691.546875
96741.875
96794.71875
96834.953125
96884.9296875
96986.046875
97018.7265625
97127.8125
97149.5
97282.9140625
97419.875
97480.1484375
97636.7734375
97732.8203125
97818.484375
98006.546875
98106.859375
96784.6328125
96713.796875
96620.375
96518.2734375
96487.828125
96458.984375
96547.03125
96599.25
96282.671875
96296.2890625
96377.4296875
96351.03125
96269.125
96187.5
96278.0
96250.65625
96163.328125
96015.65625
95988.421875
96072.25
96064.140625
95985.484375
95886.390625
95691.796875
95700.828125
95638.3125
95590.671875
95539.171875
95443.6171875
95489.28125
95538.0859375
95491.109375
95512.453125
95483.8984375
95406.1796875
95524.640625
95577.34375
95558.8515625
95549.828125
95555.3515625
95502.015625
95548.921875
95509.921875
95489.0625
95449.140625
95411.359375
95404.484375
95373.984375
95293.4453125
95271.4609375
95236.4375
95199.0078125
95197.671875
95171.375
95339.8828125
95236.5078125
95259.515625
95201.578125
95261.7421875
95288.765625
95337.0625
95345.1171875
95365.4765625
95389.96875
95371.109375
95439.0234375
95448.4765625
95398.84375
95387.6796875
95343.3125
95339.171875
95330.328125
95320.6875
95306.578125
95337.8359375
95435.84375
95429.1875
95395.59375
95419.609375
95510.9375
95603.0078125
95604.9375
95659.015625
95786.90625
95899.25
95944.234375
96045.8359375
96091.75
96108.421875
96114.1640625
98225.8125
98122.0
97974.5625
97712.28125
97404.84375
97291.1953125
97238.984375
97122.5390625
96900.78125
96857.4375
96788.5546875
96764.03125
96748.46875
96747.890625
96969.3515625
96727.0390625
96643.0546875
96574.390625
96708.203125
96783.0859375
96784.8125
96536.234375
96685.53125
96919.78125
97040.4921875
97165.75
97054.1875
97222.3671875
97277.9921875
97410.96875
97283.8203125
97392.0390625
97500.203125
97434.75
97296.71875
97162.390625
97202.140625
97232.375
97368.890625
97272.5625
97276.421875
97224.359375
97303.28125
97225.875
97184.6171875
97247.8125
97392.1875
97410.40625
97339.96875
97153.828125
97132.421875
97070.1875
97129.9375
97205.046875
97187.984375
97199.6015625
97137.046875
97126.984375
97173.703125
97103.875
97084.078125
97103.0078125
97067.78125
96876.34375
96798.421875
96901.203125
97063.96875
97146.84375
97168.296875
97248.15625
97302.234375
97245.046875
97057.9765625
96885.984375
96950.4375
97084.2421875
97030.28125
96992.40625
96825.9375
96550.1875
96597.609375
96491.375
96327.03125
96187.09375
96101.8125
96257.34375
96547.1875
96739.8828125
96912.75
97001.90625
97032.59375
97128.171875
97351.1328125
97533.578125
97694.8125
97806.328125
97800.2109375
97800.015625
97830.40625
97757.6640625
97766.046875
97693.296875
97698.03125
97755.125
99406.203125
99455.1796875
99418.5390625
99442.3984375
99415.8359375
99401.625
99402.671875
99377.1953125
99354.609375
99360.59375
99376.8359375
99417.9765625
99519.9765625
99599.0
99568.8828125
99610.796875
99635.78125
99664.84375
99651.453125
99657.09375
99653.5546875
99685.171875
99623.890625
99564.078125
99487.546875
99364.78125
99321.8984375
99211.328125
99046.9375
99048.203125
98821.1953125
98720.21875
98757.84375
98787.0078125
98742.578125
98777.0078125
98810.1875
98977.1484375
99007.7578125
99033.8046875
99106.46875
99097.15625
99083.7265625
99131.0
99034.53125
98957.1875
98919.359375
98815.828125
98717.578125
98623.0390625
98590.375
98485.234375
98401.796875
98335.78125
98320.4453125
98242.9375
98286.5625
98302.8515625
98382.328125
98458.6640625
98637.0
99123.1484375
99590.6875
100028.71875
100324.375
100551.2265625
100612.71875
100638.8671875
100564.3828125
100612.84375
100579.0
100599.6875
100601.140625
100555.6171875
100592.21875
100630.984375
100550.7265625
100559.328125
100609.03125
100663.578125
100651.546875
100689.78125
100745.21875
100749.2734375
100809.859375
100875.84375
100936.921875
100967.6953125
100994.953125
101063.8203125
101119.71875
101107.296875
101164.0
101137.1875
101164.265625
101130.59375
97755.28125
97661.953125
97644.5
97731.5234375
97770.078125
97826.1171875
97870.109375
97859.5234375
97870.1875
97935.9375
97933.296875
97946.7734375
97969.6875
97911.09375
97898.875
97905.625
97925.265625
97878.125
97842.5625
97784.4296875
97665.125
97588.4375
97632.8125
97558.046875
97634.796875
97537.453125
97439.265625
97338.1171875
97384.0
97368.40625
97408.7578125
97472.9296875
97456.2265625
97503.59375
97465.15625
97286.3125
97290.40625
97253.515625
97226.484375
97125.828125
97033.875
97024.703125
97008.5
96990.6875
96928.9375
96868.390625
96877.34375
96828.71875
96844.4453125
96869.109375
96880.5625
96904.28125
96995.0625
97069.390625
97053.484375
97027.9375
97074.40625
97094.59375
97103.765625
97108.84375
97120.515625
97145.765625
97098.671875
97117.421875
97094.421875
97011.8125
97008.09375
97015.890625
96895.34375
96798.75
96605.53125
96428.5
96179.5
95808.1875
95639.5625
95725.265625
95506.015625
95408.1875
95557.21875
95175.6875
95153.8203125
95196.859375
95225.40625
95289.953125
95010.5703125
94948.421875
94754.265625
94552.546875
94411.65625
94160.875
94058.9921875
94031.703125
93878.5625
93972.3359375
93931.0
94029.5234375
94000.921875
94042.6640625
93969.0625
93780.9375
93831.3125
93819.515625
93851.953125
93730.0703125
93736.359375
93572.15625
93648.265625
93477.0625
93317.9765625
93281.140625
93293.265625
93109.90625
93321.65625
93334.171875
93296.15625
93185.90625
93014.046875
93133.5
93332.0859375
93595.78125
93682.46875
93767.765625
93872.015625
94173.7109375
94368.609375
94694.046875
94861.578125
94611.21875
94288.484375
94166.8671875
94399.359375
94551.59375
94567.390625
94452.5546875
94336.484375
94549.7421875
94711.1796875
94754.640625
94688.421875
94690.640625
94507.046875
94447.203125
94583.796875
94740.359375
94907.03125
94930.8671875
95031.296875
95080.9765625
95259.4375
95349.0625
100752.34375
100675.578125
100634.0
100621.65625
100591.484375
100579.3359375
100550.046875
100491.578125
100539.015625
100525.859375
100566.4453125
100538.953125
100569.296875
100619.25
100659.3046875
100749.4140625
100731.3203125
100775.203125
100817.3125
100824.2734375
100861.28125
100846.828125
100841.7890625
100830.625
100752.03125
100726.4609375
100705.890625
100618.796875
100577.453125
100510.015625
100479.9140625
100442.1875
100402.03125
100354.71875
100314.9609375
100349.7890625
100412.359375
100429.078125
100392.75
100432.7890625
100411.3828125
100469.4140625
100525.28125
100583.0
100581.25
100641.890625
100642.859375
100644.390625
100616.953125
100603.3203125
100562.34375
100497.5078125
100507.125
100434.890625
100471.0
100432.6875
100412.6875
100462.078125
100458.0
100511.2265625
100497.3125
100542.53125
100541.65625
100627.21875
100633.734375
100707.984375
100720.765625
100758.203125
100740.515625
100733.828125
100728.9296875
100658.2734375
100639.2890625
100620.453125
100610.03125
100542.515625
100522.90625
100461.109375
100435.796875
100387.90625
100335.734375
100300.390625
99419.5078125
99416.5859375
99374.84375
99430.1875
99364.78125
99284.984375
99268.203125
99115.40625
99073.515625
99018.5625
98917.0390625
98888.5
98784.3046875
98600.609375
98763.0
98806.328125
98793.046875
98594.46875
98541.8984375
98495.9609375
98525.484375
98569.390625
98563.59375
98418.8359375
98397.78125
98243.6015625
98161.453125
98087.375
97992.0546875
97957.015625
97878.421875
97836.4140625
97743.984375
97752.203125
97664.3125
97536.6953125
97468.1875
97410.9375
97420.265625
97397.1484375
97322.7109375
97250.46875
97199.171875
97097.265625
97045.4375
96888.046875
96801.171875
96717.109375
96683.3359375
96631.90625
96550.46875
96322.4296875
96101.078125
95938.15625
95785.859375
95745.8046875
95570.6171875
95530.046875
95314.484375
95188.90625
95024.09375
94913.25
94753.234375
94669.8125
94602.15625
94469.28125
94413.984375
94249.15625
94169.203125
94092.625
94077.984375
94001.78125
93994.34375
93925.546875
93921.2890625
93847.125
93717.875
93581.71875
93529.796875
93469.15625
93328.84375
93168.3671875
93113.890625
93072.328125
92927.0
92863.65625
92791.9453125
92611.828125
92445.4921875
92477.1875
92267.65625
92319.015625
92312.7578125
92180.9375
92121.7578125
92126.5625
92066.734375
92056.8828125
92169.796875
92194.828125
92137.734375
92197.390625
92106.421875
92205.75
92237.7421875
92267.0625
92312.109375
92288.28125
92363.671875
92454.890625
92534.765625
92683.296875
92905.109375
93077.921875
93474.484375
93437.40625
94116.453125
94534.4375
94961.3203125
95729.171875
96622.984375
96939.203125
97380.84375
97829.0625
98248.859375
98519.515625
98775.8515625
98887.203125
98981.484375
99034.1875
99145.7578125
99152.7734375
99247.6171875
99213.3203125
99252.953125
99312.2421875
99392.234375
99357.9375
99450.40625
99478.03125
99577.234375
99612.03125
99664.3203125
99642.203125
99678.421875
99696.703125
99709.6171875
99690.125
99714.546875
99669.078125
99612.828125
99600.7109375
99593.6875
99574.15625
99574.65625
99620.7265625
99606.8046875
99592.1484375
99642.5390625
99652.78125
99673.21875
99763.5
99788.859375
99783.75
99786.109375
99794.703125
99808.0859375
99763.125
99784.6796875
99731.4375
99744.6953125
99699.671875
99732.3515625
99690.4765625
99661.21875
99680.875
99687.390625
99627.3515625
99668.7734375
99664.4375
99746.234375
99720.8359375
99571.140625
99626.4375
99621.9921875
99637.453125
99716.6171875
99734.71875
99738.75
99732.8125
99741.46875
99700.1328125
99665.7109375
99625.421875
99581.546875
99525.390625
99458.1640625
99370.8515625
99334.9765625
99243.15625
99200.046875
99152.515625
99122.0390625
99117.7890625
99183.0390625
99266.34375
99278.671875
99310.25
99359.78125
99390.234375
99485.15625
99486.78125
99566.421875
99600.1953125
99584.9375
99573.125
99617.71875
99587.96875
99633.265625
99618.078125
99602.7265625
99570.8046875
1126
