31.297137605042018
31.57247899159664
31.756039915966387
31.939600840336134
31.939600840336134
31.84782037815126
31.756039915966387
31.84782037815126
31.84782037815126
31.84782037815126
32.031381302521005
32.123161764705884
32.214942226890756
32.306722689075634
32.306722689075634
32.306722689075634
32.214942226890756
32.214942226890756
32.123161764705884
32.214942226890756
32.398503151260506
32.398503151260506
32.49028361344538
32.49028361344538
32.58206407563025
32.49028361344538
32.58206407563025
32.58206407563025
32.67384453781513
32.58206407563025
32.67384453781513
32.67384453781513
32.765625
32.765625
32.67384453781513
32.67384453781513
32.67384453781513
32.67384453781513
32.765625
32.85740546218487
32.85740546218487
32.94918592436975
33.04096638655462
32.94918592436975
32.94918592436975
32.94918592436975
33.04096638655462
33.132746848739494
33.132746848739494
33.224527310924366
33.224527310924366
33.224527310924366
33.408088235294116
33.316307773109244
33.408088235294116
33.408088235294116
33.499868697478995
33.591649159663866
33.77521008403362
33.86699054621849
33.86699054621849
33.95877100840336
34.05055147058824
34.05055147058824
34.14233193277311
34.23411239495798
34.325892857142854
34.325892857142854
34.41767331932773
34.41767331932773
34.41767331932773
34.509453781512605
34.509453781512605
34.601234243697476
34.601234243697476
34.601234243697476
34.601234243697476
34.601234243697476
34.601234243697476
34.601234243697476
34.69301470588235
34.69301470588235
34.78479516806723
34.78479516806723
34.876575630252105
34.96835609243698
35.06013655462185
35.06013655462185
35.15191701680672
35.2436974789916
35.33547794117647
35.33547794117647
35.42725840336134
35.61081932773109
35.702599789915965
35.79438025210084
35.79438025210084
35.886160714285715
35.97794117647059
36.06972163865546
36.16150210084033
36.16150210084033
36.34506302521009
36.43684348739496
36.43684348739496
36.43684348739496
36.62040441176471
36.71218487394958
36.71218487394958
36.80396533613445
36.895745798319325
36.987526260504204
37.079306722689076
36.987526260504204
37.17108718487395
37.26286764705882
37.3546481092437
37.44642857142857
37.53820903361344
37.62998949579832
37.72176995798319
37.81355042016807
37.90533088235294
37.997111344537814
38.08889180672269
38.180672268907564
38.272452731092436
38.36423319327731
38.456013655462186
38.54779411764706
38.54779411764706
38.73135504201681
38.82313550420168
38.91491596638656
39.00669642857143
39.0984768907563
39.19025735294118
39.19025735294118
39.373818277310924
39.465598739495796
39.64915966386555
39.74094012605042
39.83272058823529
39.92450105042017
40.10806197478991
40.29162289915967
40.38340336134454
40.566964285714285
40.566964285714285
40.750525210084035
40.84230567226891
41.02586659663866
41.2094275210084
41.30120798319328
41.48476890756302
41.66832983193277
41.76011029411765
41.851890756302524
41.943671218487395
42.03545168067227
42.21901260504202
42.40257352941176
42.40257352941176
42.58613445378151
42.67791491596638
42.953256302521005
43.045036764705884
43.228597689075634
43.41215861344538
43.41215861344538
43.59571953781513
43.6875
19.732799369747898
19.732799369747898
19.732799369747898
19.824579831932773
20.00814075630252
20.00814075630252
20.099921218487395
20.19170168067227
20.283482142857142
20.46704306722689
20.46704306722689
20.558823529411764
20.65060399159664
20.74238445378151
20.834164915966387
21.017725840336134
20.925945378151262
20.834164915966387
20.834164915966387
20.834164915966387
20.74238445378151
20.834164915966387
20.834164915966387
20.925945378151262
20.834164915966387
20.834164915966387
20.74238445378151
20.65060399159664
20.558823529411764
20.558823529411764
20.46704306722689
20.46704306722689
20.558823529411764
20.74238445378151
20.925945378151262
20.925945378151262
21.017725840336134
21.017725840336134
21.017725840336134
21.10950630252101
21.20128676470588
21.10950630252101
21.10950630252101
21.10950630252101
21.20128676470588
21.293067226890756
21.293067226890756
21.293067226890756
21.293067226890756
21.293067226890756
21.38484768907563
21.476628151260503
21.568408613445378
21.568408613445378
21.660189075630253
21.660189075630253
21.660189075630253
21.660189075630253
21.660189075630253
21.568408613445378
21.476628151260503
21.476628151260503
21.38484768907563
21.476628151260503
21.568408613445378
21.568408613445378
21.568408613445378
21.660189075630253
21.751969537815125
21.751969537815125
21.751969537815125
21.751969537815125
21.84375
21.84375
21.84375
21.84375
21.84375
21.84375
21.84375
21.935530462184875
21.935530462184875
21.935530462184875
22.027310924369747
22.119091386554622
22.119091386554622
22.210871848739494
22.30265231092437
22.30265231092437
22.30265231092437
22.39443277310924
22.486213235294116
22.486213235294116
22.486213235294116
22.577993697478995
22.577993697478995
22.669774159663866
22.669774159663866
22.76155462184874
22.76155462184874
22.76155462184874
22.76155462184874
22.76155462184874
22.76155462184874
22.76155462184874
22.76155462184874
22.76155462184874
22.76155462184874
22.669774159663866
22.76155462184874
22.577993697478995
22.669774159663866
22.577993697478995
22.669774159663866
22.577993697478995
22.669774159663866
22.669774159663866
22.669774159663866
22.669774159663866
22.669774159663866
22.76155462184874
22.76155462184874
22.76155462184874
22.76155462184874
22.76155462184874
22.853335084033613
22.853335084033613
22.853335084033613
22.853335084033613
22.853335084033613
22.853335084033613
22.94511554621849
22.94511554621849
22.94511554621849
22.94511554621849
22.94511554621849
23.03689600840336
23.03689600840336
23.128676470588236
23.128676470588236
23.128676470588236
23.128676470588236
23.22045693277311
23.22045693277311
23.22045693277311
23.22045693277311
23.22045693277311
23.312237394957982
23.312237394957982
23.312237394957982
23.404017857142858
23.404017857142858
23.49579831932773
23.587578781512605
23.679359243697476
23.679359243697476
23.77113970588235
23.77113970588235
23.862920168067223
23.862920168067223
23.862920168067223
23.954700630252102
24.046481092436977
24.046481092436977
24.13826155462185
24.230042016806724
24.321822478991596
24.41360294117647
24.505383403361346
24.505383403361346
24.597163865546218
24.688944327731093
24.688944327731093
24.780724789915965
24.780724789915965
24.780724789915965
24.780724789915965
24.780724789915965
24.780724789915965
24.87250525210084
24.87250525210084
24.87250525210084
24.96428571428571
24.96428571428571
25.056066176470587
25.14784663865546
25.14784663865546
25.239627100840334
25.331407563025213
25.423188025210084
25.51496848739496
25.51496848739496
25.606748949579835
25.698529411764707
25.79030987394958
25.882090336134453
25.882090336134453
25.97387079831933
26.0656512605042
26.0656512605042
26.157431722689076
26.249212184873947
26.340992647058822
26.340992647058822
26.432773109243694
26.432773109243694
26.52455357142857
26.616334033613445
26.616334033613445
26.70811449579832
26.799894957983195
26.249212184873947
26.157431722689076
26.157431722689076
26.249212184873947
26.249212184873947
26.157431722689076
26.157431722689076
26.249212184873947
26.157431722689076
26.249212184873947
26.249212184873947
26.340992647058822
26.249212184873947
26.340992647058822
26.249212184873947
26.249212184873947
26.249212184873947
26.340992647058822
26.340992647058822
26.340992647058822
26.432773109243694
26.432773109243694
26.52455357142857
26.52455357142857
26.52455357142857
26.616334033613445
26.70811449579832
26.70811449579832
26.799894957983195
26.799894957983195
26.799894957983195
26.799894957983195
26.89167542016807
26.89167542016807
26.89167542016807
26.89167542016807
26.983455882352942
26.983455882352942
26.89167542016807
26.89167542016807
26.89167542016807
26.89167542016807
26.983455882352942
26.983455882352942
27.075236344537817
27.075236344537817
26.983455882352942
27.075236344537817
27.075236344537817
27.16701680672269
27.16701680672269
27.16701680672269
27.16701680672269
27.258797268907564
27.258797268907564
27.258797268907564
27.350577731092436
27.350577731092436
27.350577731092436
27.44235819327731
27.44235819327731
27.534138655462183
27.534138655462183
27.44235819327731
27.44235819327731
27.534138655462183
27.534138655462183
27.625919117647058
27.625919117647058
27.625919117647058
27.71769957983193
27.71769957983193
27.71769957983193
27.71769957983193
27.809480042016805
27.809480042016805
27.809480042016805
27.809480042016805
27.809480042016805
27.90126050420168
27.90126050420168
27.90126050420168
27.90126050420168
27.90126050420168
27.993040966386555
27.993040966386555
28.08482142857143
28.08482142857143
28.176601890756306
28.176601890756306
20.19170168067227
20.19170168067227
20.283482142857142
20.46704306722689
20.558823529411764
20.65060399159664
20.65060399159664
20.74238445378151
20.74238445378151
20.74238445378151
20.74238445378151
20.834164915966387
20.925945378151262
20.925945378151262
20.925945378151262
21.017725840336134
21.017725840336134
20.925945378151262
20.925945378151262
20.925945378151262
21.017725840336134
21.017725840336134
20.925945378151262
21.017725840336134
21.10950630252101
21.017725840336134
21.017725840336134
21.10950630252101
21.20128676470588
21.293067226890756
21.293067226890756
21.38484768907563
21.38484768907563
21.38484768907563
21.38484768907563
21.38484768907563
21.476628151260503
21.476628151260503
21.476628151260503
21.476628151260503
21.476628151260503
21.38484768907563
21.38484768907563
21.38484768907563
21.38484768907563
21.38484768907563
21.476628151260503
21.476628151260503
21.476628151260503
21.38484768907563
21.476628151260503
21.476628151260503
21.568408613445378
21.568408613445378
21.568408613445378
21.568408613445378
21.568408613445378
21.660189075630253
21.660189075630253
21.751969537815125
21.84375
21.84375
21.84375
21.935530462184875
22.027310924369747
22.027310924369747
22.027310924369747
22.027310924369747
22.119091386554622
22.210871848739494
22.210871848739494
22.30265231092437
22.39443277310924
22.486213235294116
22.486213235294116
22.577993697478995
22.669774159663866
22.669774159663866
22.669774159663866
22.669774159663866
22.76155462184874
22.76155462184874
22.76155462184874
22.853335084033613
22.853335084033613
22.94511554621849
22.853335084033613
22.853335084033613
22.853335084033613
22.853335084033613
22.94511554621849
23.03689600840336
23.03689600840336
23.128676470588236
23.22045693277311
23.312237394957982
23.404017857142858
23.587578781512605
23.679359243697476
23.77113970588235
23.862920168067223
23.954700630252102
24.046481092436977
24.13826155462185
16.704044117647058
16.704044117647058
16.704044117647058
16.704044117647058
16.704044117647058
16.704044117647058
16.704044117647058
16.704044117647058
16.704044117647058
16.704044117647058
16.612263655462183
16.612263655462183
16.52048319327731
16.52048319327731
16.612263655462183
16.612263655462183
16.52048319327731
16.52048319327731
16.52048319327731
16.52048319327731
16.52048319327731
16.612263655462183
16.612263655462183
16.612263655462183
16.704044117647058
16.704044117647058
16.704044117647058
16.795824579831933
16.704044117647058
16.704044117647058
16.704044117647058
16.612263655462183
16.612263655462183
16.612263655462183
16.52048319327731
16.52048319327731
16.52048319327731
16.428702731092436
16.428702731092436
16.52048319327731
16.612263655462183
16.704044117647058
16.795824579831933
16.795824579831933
16.88760504201681
16.795824579831933
16.795824579831933
16.795824579831933
16.795824579831933
16.704044117647058
16.704044117647058
16.704044117647058
16.612263655462183
16.612263655462183
16.612263655462183
16.612263655462183
16.704044117647058
16.612263655462183
16.612263655462183
16.704044117647058
16.612263655462183
16.612263655462183
16.612263655462183
16.612263655462183
16.612263655462183
16.612263655462183
16.612263655462183
16.612263655462183
16.612263655462183
16.52048319327731
16.52048319327731
16.52048319327731
16.52048319327731
16.428702731092436
16.428702731092436
16.428702731092436
16.336922268907564
16.336922268907564
16.336922268907564
16.336922268907564
16.24514180672269
16.24514180672269
16.153361344537817
16.153361344537817
16.153361344537817
16.061580882352942
16.153361344537817
16.061580882352942
16.061580882352942
16.061580882352942
16.061580882352942
16.061580882352942
16.061580882352942
16.061580882352942
15.969800420168067
15.969800420168067
-23.404017857142858
-23.404017857142858
-23.49579831932773
-23.49579831932773
-23.679359243697476
-23.679359243697476
-23.862920168067223
-24.046481092436977
-24.046481092436977
-24.13826155462185
-24.046481092436977
-24.13826155462185
-24.41360294117647
-24.505383403361346
-24.505383403361346
-24.321822478991596
-24.230042016806724
-24.230042016806724
-24.13826155462185
-24.230042016806724
-24.13826155462185
-24.13826155462185
-24.230042016806724
-24.230042016806724
-24.321822478991596
-24.41360294117647
-24.597163865546218
-24.597163865546218
-24.688944327731093
-24.688944327731093
-24.597163865546218
-24.780724789915965
-24.688944327731093
-24.597163865546218
-24.688944327731093
-24.688944327731093
-24.780724789915965
-24.96428571428571
-24.96428571428571
-24.96428571428571
-24.87250525210084
-25.056066176470587
-25.14784663865546
-24.96428571428571
-24.688944327731093
-25.056066176470587
-24.87250525210084
-24.96428571428571
-25.239627100840334
-25.14784663865546
-24.780724789915965
-24.87250525210084
-25.239627100840334
-25.423188025210084
-25.51496848739496
-25.423188025210084
-25.606748949579835
-25.79030987394958
-25.79030987394958
-25.97387079831933
-26.0656512605042
-26.157431722689076
-26.340992647058822
-26.52455357142857
-26.70811449579832
-26.799894957983195
-27.075236344537817
-27.16701680672269
-27.16701680672269
-26.89167542016807
-27.258797268907564
-27.075236344537817
-27.258797268907564
-27.258797268907564
-27.16701680672269
-26.89167542016807
-26.983455882352942
-27.350577731092436
-27.625919117647058
-27.809480042016805
-27.71769957983193
-28.08482142857143
-28.08482142857143
-27.90126050420168
-28.176601890756306
-28.268382352941178
-28.268382352941178
-28.176601890756306
-28.268382352941178
-28.360162815126053
-28.451943277310924
-28.63550420168067
-28.727284663865547
-28.727284663865547
-28.910845588235293
-28.910845588235293
-28.910845588235293
-29.002626050420165
-29.186186974789916
-29.186186974789916
-29.277967436974787
-29.369747899159666
-29.46152836134454
-29.46152836134454
-29.46152836134454
-29.553308823529413
-29.64508928571429
-29.64508928571429
-29.828650210084035
-30.012211134453782
-30.012211134453782
-30.103991596638654
-30.19577205882353
-30.19577205882353
-30.19577205882353
-30.19577205882353
-30.19577205882353
-30.19577205882353
-30.379332983193276
-30.379332983193276
-30.47111344537815
-30.562893907563023
-30.654674369747898
-30.83823529411765
-30.930015756302524
-31.11357668067227
-31.11357668067227
-31.205357142857142
-31.205357142857142
-31.205357142857142
-31.297137605042018
-31.297137605042018
-31.38891806722689
-31.57247899159664
-31.57247899159664
-31.57247899159664
-31.57247899159664
-31.57247899159664
-31.57247899159664
-31.66425945378151
-31.66425945378151
-31.66425945378151
-31.57247899159664
-31.57247899159664
-31.57247899159664
-31.57247899159664
-31.57247899159664
-31.57247899159664
-31.66425945378151
-31.66425945378151
-20.558823529411764
-21.293067226890756
-21.935530462184875
-21.660189075630253
-21.660189075630253
-21.935530462184875
-21.660189075630253
-21.660189075630253
-21.935530462184875
-21.660189075630253
-21.935530462184875
-21.660189075630253
-21.660189075630253
-21.660189075630253
-21.935530462184875
-21.935530462184875
-21.935530462184875
-21.935530462184875
-21.935530462184875
-21.660189075630253
-21.935530462184875
-21.660189075630253
-21.935530462184875
-21.935530462184875
-21.935530462184875
-21.935530462184875
-21.935530462184875
-21.935530462184875
-21.935530462184875
-21.935530462184875
-21.935530462184875
-21.935530462184875
-21.935530462184875
-21.84375
-21.935530462184875
-21.935530462184875
-21.935530462184875
-21.935530462184875
-21.935530462184875
-21.935530462184875
-21.660189075630253
-21.935530462184875
-21.660189075630253
-21.660189075630253
-21.935530462184875
-21.935530462184875
-21.935530462184875
-21.660189075630253
-21.935530462184875
-21.660189075630253
-21.660189075630253
-21.660189075630253
-21.660189075630253
-21.935530462184875
-21.935530462184875
-21.660189075630253
-21.935530462184875
-21.935530462184875
-21.935530462184875
-21.660189075630253
-21.660189075630253
-21.660189075630253
-21.660189075630253
-21.935530462184875
-21.660189075630253
-21.660189075630253
-21.935530462184875
-21.660189075630253
-21.935530462184875
-21.935530462184875
-21.935530462184875
-21.935530462184875
-21.935530462184875
-21.935530462184875
-21.935530462184875
-21.935530462184875
-21.935530462184875
-21.935530462184875
-21.935530462184875
-21.935530462184875
-21.935530462184875
-21.935530462184875
-22.669774159663866
-22.577993697478995
-22.577993697478995
-22.39443277310924
-22.94511554621849
-22.853335084033613
-22.486213235294116
-22.30265231092437
-22.210871848739494
-22.027310924369747
-21.935530462184875
-21.751969537815125
-22.210871848739494
-22.119091386554622
-21.476628151260503
-21.660189075630253
-21.568408613445378
-21.476628151260503
-21.476628151260503
-21.476628151260503
-21.568408613445378
-21.751969537815125
-21.935530462184875
-22.119091386554622
-22.30265231092437
-22.39443277310924
-22.486213235294116
-22.486213235294116
-22.486213235294116
-22.39443277310924
-22.30265231092437
-22.210871848739494
-22.210871848739494
-22.119091386554622
-22.027310924369747
-22.027310924369747
-22.027310924369747
-22.027310924369747
-22.027310924369747
-22.119091386554622
-22.027310924369747
-22.027310924369747
-21.935530462184875
-21.935530462184875
-21.84375
-21.84375
-21.751969537815125
-21.84375
-21.84375
-21.84375
-21.751969537815125
-21.84375
-21.84375
-21.660189075630253
-21.751969537815125
-21.660189075630253
-21.660189075630253
-21.751969537815125
-21.568408613445378
-21.84375
-21.935530462184875
-21.660189075630253
-21.751969537815125
-21.935530462184875
-22.027310924369747
-21.84375
-21.84375
-21.84375
-21.84375
-21.751969537815125
-21.935530462184875
-21.84375
-22.210871848739494
-22.210871848739494
-22.119091386554622
-22.119091386554622
-22.210871848739494
-22.210871848739494
-22.210871848739494
-22.39443277310924
-22.39443277310924
-22.486213235294116
-22.577993697478995
-22.577993697478995
-22.577993697478995
-22.669774159663866
-22.76155462184874
-22.853335084033613
-22.94511554621849
-23.03689600840336
-23.128676470588236
-23.128676470588236
-23.22045693277311
-23.22045693277311
-23.128676470588236
-23.22045693277311
-23.312237394957982
-23.404017857142858
-23.404017857142858
-23.404017857142858
-23.587578781512605
-23.49579831932773
-23.679359243697476
-23.679359243697476
-23.77113970588235
-23.954700630252102
-24.046481092436977
-24.230042016806724
-24.230042016806724
-24.321822478991596
-24.321822478991596
-24.41360294117647
-24.597163865546218
-24.688944327731093
-24.87250525210084
-24.780724789915965
-25.056066176470587
-25.14784663865546
-25.331407563025213
-25.331407563025213
-25.51496848739496
-25.606748949579835
-25.698529411764707
-25.79030987394958
-25.882090336134453
-25.97387079831933
-26.0656512605042
-26.157431722689076
-26.249212184873947
-26.340992647058822
-26.432773109243694
-26.616334033613445
-26.70811449579832
-26.89167542016807
-26.983455882352942
-27.16701680672269
-27.258797268907564
-27.44235819327731
-27.534138655462183
-27.625919117647058
-27.71769957983193
-27.809480042016805
-27.90126050420168
-27.993040966386555
-28.08482142857143
-28.176601890756306
-28.268382352941178
-28.451943277310924
-28.5437237394958
-28.63550420168067
-28.727284663865547
-28.910845588235293
-29.002626050420165
-29.09440651260504
-29.277967436974787
-29.369747899159666
-29.553308823529413
-29.64508928571429
-29.73686974789916
-29.73686974789916
-29.828650210084035
-29.920430672268907
-30.103991596638654
-30.103991596638654
-30.19577205882353
-30.19577205882353
-30.287552521008404
-30.287552521008404
-30.287552521008404
-30.379332983193276
-30.379332983193276
-30.379332983193276
-30.379332983193276
-30.379332983193276
-30.379332983193276
-30.379332983193276
-30.47111344537815
-30.47111344537815
-30.746454831932777
-30.746454831932777
-31.11357668067227
-31.11357668067227
-31.11357668067227
-31.297137605042018
-31.480698529411764
-31.480698529411764
-31.480698529411764
-31.480698529411764
-31.57247899159664
-31.57247899159664
-31.84782037815126
-31.57247899159664
-31.57247899159664
-31.66425945378151
-31.57247899159664
-31.57247899159664
-31.84782037815126
-32.58206407563025
-32.85740546218487
-32.85740546218487
-32.85740546218487
-32.85740546218487
-32.85740546218487
-32.85740546218487
-32.85740546218487
-32.85740546218487
-32.85740546218487
-32.85740546218487
-32.85740546218487
-32.85740546218487
-33.591649159663866
-34.325892857142854
-34.325892857142854
-34.325892857142854
-34.509453781512605
-34.325892857142854
-34.509453781512605
-34.509453781512605
-34.509453781512605
-34.509453781512605
-34.509453781512605
-34.509453781512605
1126
