-99.77226514843431
-99.77226514843431
-99.91866612444083
-100.35786905246034
-100.57747051647011
-100.65067100447337
-100.65067100447337
-100.65067100447337
-100.79707198047987
-100.7238714924766
-100.79707198047987
-100.79707198047987
-100.94347295648639
-100.94347295648639
-101.01667344448964
-101.16307442049613
-101.16307442049613
-101.16307442049613
-101.08987393249288
-101.01667344448964
-101.16307442049613
-101.16307442049613
-101.2362749084994
-101.30947539650265
-101.38267588450589
-101.38267588450589
-101.45587637250915
-101.5290768605124
-101.60227734851566
-101.67547783651892
-101.67547783651892
-101.82187881252541
-101.82187881252541
-101.96827978853193
-101.96827978853193
-102.04148027653517
-101.96827978853193
-101.89507930052868
-101.96827978853193
-101.96827978853193
-101.96827978853193
-102.04148027653517
-102.04148027653517
-102.11468076453842
-102.11468076453842
-102.04148027653517
-102.04148027653517
-102.04148027653517
-102.04148027653517
-102.04148027653517
-102.11468076453842
-102.04148027653517
-102.04148027653517
-102.11468076453842
-102.11468076453842
-102.11468076453842
-102.11468076453842
-102.04148027653517
-102.18788125254169
-102.11468076453842
-102.18788125254169
-102.18788125254169
-102.11468076453842
-102.18788125254169
-102.18788125254169
-102.26108174054494
-102.3342822285482
-102.3342822285482
-102.3342822285482
-102.40748271655144
-102.40748271655144
-102.4806832045547
-102.4806832045547
-102.55388369255795
-102.62708418056121
-102.70028466856445
-102.7734851565677
-102.7734851565677
-102.84668564457097
-102.7734851565677
-102.7734851565677
-102.7734851565677
-102.7734851565677
-102.7734851565677
-102.7734851565677
-102.84668564457097
-102.84668564457097
-102.84668564457097
-102.84668564457097
-102.84668564457097
-102.84668564457097
-102.84668564457097
-102.7734851565677
-102.7734851565677
-102.7734851565677
-102.84668564457097
-102.91988613257422
-102.91988613257422
-102.91988613257422
-102.91988613257422
-102.91988613257422
-102.91988613257422
-102.99308662057747
-103.06628710858071
-103.06628710858071
-103.06628710858071
-103.06628710858071
-103.21268808458723
-103.21268808458723
-103.21268808458723
-103.21268808458723
-103.21268808458723
-103.21268808458723
-103.21268808458723
-103.21268808458723
-103.21268808458723
-103.21268808458723
-103.21268808458723
-103.21268808458723
-103.2858885725905
-103.2858885725905
-103.35908906059373
-103.35908906059373
-103.43228954859698
-103.50549003660024
-103.50549003660024
-103.5786905246035
-103.5786905246035
-103.65189101260675
-103.72509150060999
-103.72509150060999
-103.79829198861326
-103.72509150060999
-103.79829198861326
-103.87149247661651
-103.87149247661651
-103.94469296461978
-103.94469296461978
-103.87149247661651
-103.94469296461978
-103.87149247661651
-103.94469296461978
-103.87149247661651
-103.87149247661651
-103.79829198861326
-103.87149247661651
-103.87149247661651
-103.87149247661651
-103.94469296461978
-103.87149247661651
-103.87149247661651
-103.87149247661651
-103.87149247661651
-103.87149247661651
-103.87149247661651
-103.87149247661651
-103.87149247661651
-103.94469296461978
-103.94469296461978
-103.87149247661651
-103.87149247661651
-103.94469296461978
-103.87149247661651
-103.87149247661651
-103.79829198861326
-103.79829198861326
-103.72509150060999
-103.79829198861326
-103.79829198861326
-103.72509150060999
-103.72509150060999
-103.79829198861326
-120.26840178934526
-120.48800325335502
-120.63440422936154
-120.78080520536803
-120.85400569337129
-121.07360715738103
-121.22000813338755
-121.36640910939407
-121.51281008540056
-121.65921106140708
-121.87881252541683
-121.9520130134201
-122.09841398942659
-122.24481496543311
-122.46441642944286
-122.68401789345263
-122.90361935746239
-123.12322082147213
-123.1964213094754
-123.34282228548192
-123.56242374949166
-123.70882472549818
-123.92842618950793
-124.07482716551442
-124.2944286295242
-124.51403009353396
-124.66043106954046
-124.7336315575437
-124.88003253355022
-124.95323302155349
-125.09963399755998
-125.17283448556323
-125.17283448556323
-125.2460349735665
-125.31923546156975
-125.46563643757625
-125.61203741358275
-125.75843838958926
-125.90483936559578
-126.05124034160228
-126.12444082960552
-126.3440422936153
-126.49044326962179
-126.56364375762504
-126.63684424562831
-126.71004473363156
-126.85644570963807
-126.92964619764132
-127.00284668564457
-127.07604717364781
-127.14924766165107
-127.22244814965433
-127.36884912566084
-127.51525010166733
-127.5884505896706
-127.73485156567712
-127.88125254168361
-128.0276535176901
-128.24725498169988
-128.32045546970315
-128.46685644570962
-128.46685644570962
-128.5400569337129
-128.5400569337129
-128.61325742171616
-128.6864579097194
-128.75965839772263
-128.8328588857259
-128.97925986173243
-129.05246034973567
-129.1256608377389
-129.19886132574217
-129.34526230174868
-129.4184627897519
-129.49166327775518
-129.56486376575845
-129.56486376575845
-129.63806425376168
-129.71126474176495
-129.71126474176495
-129.7844652297682
-129.7844652297682
-129.85766571777145
-129.93086620577472
-130.00406669377796
-130.0772671817812
-130.15046766978446
-130.22366815778773
-130.29686864579097
-130.37006913379423
-130.44326962179747
-130.58967059780397
-130.58967059780397
-130.7360715738105
-130.80927206181374
-130.882472549817
-130.95567303782025
-131.0288735258235
-131.10207401382675
-131.17527450183002
-131.24847498983326
-131.3948759658398
-131.46807645384303
-131.54127694184626
-131.61447742984953
-131.6876779178528
-131.76087840585603
-131.8340788938593
-131.90727938186254
-132.05368035786907
-131.9804798698658
-132.05368035786907
-132.1268808458723
-132.20008133387554
-132.2732818218788
-132.34648230988208
-132.41968279788532
-132.41968279788532
-132.41968279788532
-132.49288328588858
-132.56608377389182
-132.56608377389182
-132.63928426189509
-132.63928426189509
-132.71248474989835
-132.71248474989835
-132.71248474989835
-132.7856852379016
-132.85888572590483
-132.9320862139081
-132.9320862139081
-132.9320862139081
-133.00528670191136
-133.00528670191136
-133.0784871899146
-133.0784871899146
-133.15168767791783
-133.15168767791783
-133.2248881659211
-133.29808865392437
-133.37128914192763
-133.37128914192763
-133.37128914192763
-133.44448962993087
-133.44448962993087
-133.5176901179341
-133.5176901179341
-133.5176901179341
-133.5176901179341
-133.5176901179341
-133.59089060593737
-133.59089060593737
-133.59089060593737
-133.66409109394064
-133.66409109394064
-133.73729158194388
-133.81049206994712
-133.88369255795038
-133.88369255795038
-134.0300935339569
-134.0300935339569
-134.0300935339569
-134.10329402196012
-134.10329402196012
-134.1764945099634
-134.1764945099634
-134.24969499796666
-134.32289548596992
-134.39609597397316
-134.4692964619764
-134.54249694997966
-134.61569743798293
-134.68889792598617
-134.83529890199267
-134.83529890199267
-134.90849938999594
-134.98169987799918
-134.98169987799918
-135.05490036600244
-135.05490036600244
-135.05490036600244
-135.12810085400568
-135.12810085400568
-135.20130134200895
-135.20130134200895
-135.2745018300122
-135.2745018300122
-135.4209028060187
-135.4209028060187
-135.49410329402195
-135.49410329402195
-135.56730378202522
-135.64050427002846
-135.71370475803172
-135.78690524603496
-135.78690524603496
-135.86010573403823
-135.9333062220415
-135.9333062220415
-136.00650671004473
-136.079707198048
-136.15290768605124
-136.15290768605124
-136.2261081740545
-136.29930866205774
-136.372509150061
-136.44570963806424
-136.5189101260675
-136.59211061407075
-136.665311102074
140.76453843025618
140.69133794225294
140.54493696624644
140.47173647824317
140.47173647824317
140.39853599023994
140.25213501423343
140.25213501423343
140.17893452623017
140.1057340382269
140.03253355022366
139.88613257421716
139.73973159821065
139.73973159821065
139.59333062220415
139.52013013420088
139.44692964619765
139.3737291581944
139.3737291581944
139.30052867019114
139.22732818218788
139.1541276941846
139.08092720618137
139.00772671817813
138.8613257421716
138.78812525416836
138.71492476616513
138.64172427816186
138.5685237901586
138.49532330215536
138.42212281415212
138.27572183814559
138.20252135014232
138.12932086213908
137.98291988613258
137.83651891012607
137.7633184221228
137.6169174461163
137.54371695811304
137.39731598210656
137.3241154941033
137.25091500610003
137.1777145180968
137.10451403009353
136.95811305408702
136.88491256608378
136.81171207808052
136.73851159007728
136.665311102074
136.59211061407075
136.44570963806424
136.372509150061
136.29930866205774
136.2261081740545
136.15290768605124
136.079707198048
136.00650671004473
135.9333062220415
135.86010573403823
135.71370475803172
135.64050427002846
135.49410329402195
135.4209028060187
135.34770231801545
135.2745018300122
135.20130134200895
135.12810085400568
135.05490036600244
134.90849938999594
134.90849938999594
134.7620984139894
134.68889792598617
134.61569743798293
134.54249694997966
134.4692964619764
134.39609597397316
134.32289548596992
134.24969499796666
134.1764945099634
134.10329402196012
134.0300935339569
133.95689304595365
133.95689304595365
133.88369255795038
133.81049206994712
133.73729158194388
133.73729158194388
133.59089060593737
133.5176901179341
133.37128914192763
180.0
180.0
179.8535990239935
179.78039853599026
179.56079707198046
179.48759658397722
179.34119560797072
179.12159414396098
178.97519316795444
178.9019926799512
178.7555917039447
178.68239121594144
178.53599023993493
178.38958926392843
178.31638877592516
178.16998779991866
178.02358682391215
177.87718584790565
177.8039853599024
177.73078487189915
177.65758438389588
177.51118340788938
177.36478243188287
177.36478243188287
177.29158194387963
177.14518096787313
177.07198047986986
176.99877999186663
176.92557950386336
176.8523790158601
176.77917852785686
176.63277755185035
176.5595770638471
176.5595770638471
176.48637657584385
176.41317608784058
176.33997559983735
176.26677511183408
176.1935746238308
176.12037413582757
175.97397315982107
175.97397315982107
175.9007726718178
175.97397315982107
175.9007726718178
175.82757218381454
175.7543716958113
175.68117120780806
175.6079707198048
175.53477023180153
175.53477023180153
175.4615697437983
175.4615697437983
175.38836925579506
175.3151687677918
175.3151687677918
175.3151687677918
175.24196827978852
175.24196827978852
175.16876779178526
175.16876779178526
175.09556730378202
175.02236681577878
175.02236681577878
174.94916632777552
174.87596583977225
174.802765351769
174.72956486376577
174.72956486376577
174.6563643757625
174.58316388775924
174.509963399756
174.509963399756
174.43676291175277
174.43676291175277
174.3635624237495
174.29036193574623
174.21716144774297
174.14396095973973
174.14396095973973
174.0707604717365
174.0707604717365
174.0707604717365
174.0707604717365
173.99755998373323
173.92435949572996
173.77795851972348
173.77795851972348
173.70475803172022
173.70475803172022
173.63155754371695
173.63155754371695
173.63155754371695
173.63155754371695
173.55835705571369
173.55835705571369
173.48515656771045
173.4119560797072
173.33875559170394
173.26555510370068
173.1191541276942
173.04595363969094
172.97275315168767
172.89955266368443
103.21268808458723
103.13948759658398
103.06628710858071
102.99308662057747
102.91988613257422
102.84668564457097
102.7734851565677
102.7734851565677
102.70028466856445
102.62708418056121
102.4806832045547
102.40748271655144
102.3342822285482
102.26108174054494
102.18788125254169
102.11468076453842
102.04148027653517
101.89507930052868
101.89507930052868
101.82187881252541
101.74867832452216
101.67547783651892
101.60227734851566
101.5290768605124
101.45587637250915
101.38267588450589
101.2362749084994
101.08987393249288
101.01667344448964
100.87027246848312
100.7238714924766
100.65067100447337
100.57747051647011
100.4310695404636
100.35786905246034
100.35786905246034
100.21146807645384
100.21146807645384
100.13826758845059
100.06506710044732
99.99186661244408
99.91866612444083
99.77226514843431
99.62586417242782
99.4794631964213
99.33306222041482
99.1866612444083
99.04026026840178
98.96705978039854
98.82065880439202
98.74745831638877
98.60105734038227
98.52785685237902
98.45465636437577
98.3814558763725
98.30825538836926
98.23505490036601
98.08865392435949
98.01545343635624
97.86905246034974
97.79585197234648
97.72265148434322
97.64945099633998
97.50305002033346
97.50305002033346
97.35664904432696
97.28344855632372
97.1370475803172
97.06384709231394
96.91744611630745
96.8442456283042
96.69784465229768
96.55144367629117
96.55144367629117
96.47824318828792
96.33184221228143
96.33184221228143
96.18544123627491
96.11224074827165
96.0390402602684
95.96583977226516
95.8926392842619
95.81943879625864
95.81943879625864
95.67303782025215
95.67303782025215
95.59983733224888
95.45343635624238
95.38023586823911
95.30703538023587
95.23383489223262
95.0874339162261
95.01423342822285
94.86783245221635
94.7946319642131
94.72143147620983
78.03172021146808
78.03172021146808
77.95851972346482
77.95851972346482
77.81211874745831
78.17812118747459
77.88531923546158
77.95851972346482
77.95851972346482
77.81211874745831
77.88531923546158
77.66571777145181
77.59251728344856
77.81211874745831
77.59251728344856
77.5193167954453
77.44611630744205
77.3729158194388
77.44611630744205
77.29971533143554
77.29971533143554
77.29971533143554
77.29971533143554
77.44611630744205
77.44611630744205
77.44611630744205
77.3729158194388
77.3729158194388
77.29971533143554
77.22651484343228
77.22651484343228
77.08011386742578
77.08011386742578
77.08011386742578
76.86051240341602
76.93371289141928
77.08011386742578
76.93371289141928
76.567710451403
76.567710451403
76.71411142740952
76.86051240341602
76.86051240341602
76.93371289141928
76.71411142740952
76.78731191541277
76.78731191541277
76.78731191541277
76.86051240341602
77.22651484343228
77.22651484343228
77.29971533143554
77.22651484343228
77.29971533143554
77.3729158194388
77.3729158194388
77.5193167954453
77.44611630744205
77.44611630744205
77.5193167954453
77.59251728344856
77.66571777145181
77.59251728344856
77.44611630744205
77.3729158194388
77.3729158194388
77.29971533143554
77.15331435542903
77.00691337942253
76.86051240341602
76.86051240341602
76.64091093940627
76.567710451403
76.71411142740952
76.78731191541277
76.71411142740952
77.00691337942253
77.08011386742578
76.86051240341602
76.78731191541277
76.78731191541277
76.78731191541277
76.64091093940627
76.71411142740952
76.71411142740952
76.49450996339976
76.4213094753965
76.4213094753965
76.49450996339976
76.49450996339976
76.49450996339976
76.4213094753965
76.4213094753965
76.4213094753965
76.34810898739325
76.4213094753965
76.34810898739325
76.34810898739325
76.27490849939
76.20170801138674
76.20170801138674
76.20170801138674
76.20170801138674
76.12850752338349
76.05530703538024
76.05530703538024
76.05530703538024
76.05530703538024
76.05530703538024
75.90890605937372
75.83570557137048
75.76250508336722
75.68930459536398
75.68930459536398
75.61610410736071
75.54290361935746
75.54290361935746
75.61610410736071
75.61610410736071
75.61610410736071
75.68930459536398
75.68930459536398
75.68930459536398
75.61610410736071
75.61610410736071
75.54290361935746
75.46970313135421
75.3233021553477
75.25010166734445
75.25010166734445
75.25010166734445
75.1769011793412
75.1769011793412
75.10370069133793
75.0305002033347
74.95729971533143
74.88409922732819
74.88409922732819
74.95729971533143
74.88409922732819
74.88409922732819
74.88409922732819
74.88409922732819
74.95729971533143
74.95729971533143
75.0305002033347
75.10370069133793
75.1769011793412
75.1769011793412
75.25010166734445
151.08580723871492
150.6466043106954
150.13420089467263
150.28060187067913
150.28060187067913
149.69499796665312
150.28060187067913
150.28060187067913
149.69499796665312
150.28060187067913
149.69499796665312
150.28060187067913
150.28060187067913
150.28060187067913
149.69499796665312
150.13420089467263
149.84139894265962
149.84139894265962
150.13420089467263
150.28060187067913
149.69499796665312
150.28060187067913
149.69499796665312
149.84139894265962
149.84139894265962
149.84139894265962
150.13420089467263
149.84139894265962
150.13420089467263
150.13420089467263
150.13420089467263
150.13420089467263
150.13420089467263
149.84139894265962
149.84139894265962
150.0610004066694
150.0610004066694
149.84139894265962
149.84139894265962
149.84139894265962
150.28060187067913
149.69499796665312
150.28060187067913
150.28060187067913
149.69499796665312
150.0610004066694
149.84139894265962
150.28060187067913
149.69499796665312
150.28060187067913
150.28060187067913
150.28060187067913
150.28060187067913
150.0610004066694
150.0610004066694
150.28060187067913
149.69499796665312
150.0610004066694
149.84139894265962
150.28060187067913
150.28060187067913
150.28060187067913
150.28060187067913
149.69499796665312
150.28060187067913
150.28060187067913
149.69499796665312
150.28060187067913
149.69499796665312
149.84139894265962
149.84139894265962
149.84139894265962
150.13420089467263
150.13420089467263
149.84139894265962
150.13420089467263
150.13420089467263
150.13420089467263
150.13420089467263
150.13420089467263
150.13420089467263
150.13420089467263
145.74217161447743
145.6689711264742
145.44936966246442
145.6689711264742
145.22976819845465
145.22976819845465
145.0101667344449
145.0101667344449
145.0101667344449
145.08336722244815
145.0101667344449
144.93696624644164
144.79056527043514
144.86376575843838
145.0101667344449
145.37616917446118
145.59577063847092
145.6689711264742
145.74217161447743
145.81537210248067
145.88857259048393
145.88857259048393
145.88857259048393
145.81537210248067
145.6689711264742
145.52257015046766
145.37616917446118
145.22976819845465
145.0101667344449
144.86376575843838
144.79056527043514
144.64416429442863
144.57096380642537
144.57096380642537
144.49776331842213
144.49776331842213
144.49776331842213
144.4245628304189
144.35136234241563
144.27816185441236
144.2049613664091
144.05856039040262
143.98535990239935
143.83895892639285
143.9121594143961
143.7657584383896
143.83895892639285
143.83895892639285
143.7657584383896
143.69255795038634
143.69255795038634
143.5461569743798
143.47295648637657
143.47295648637657
143.32655551037007
143.39975599837334
143.47295648637657
143.47295648637657
143.2533550223668
143.18015453436357
143.2533550223668
143.03375355835706
143.03375355835706
143.03375355835706
142.6677511183408
142.74095160634405
142.6677511183408
142.8141520943473
142.6677511183408
142.59455063033752
142.52135014233428
142.52135014233428
142.44814965433102
142.30174867832451
142.155347702318
142.30174867832451
142.22854819032128
142.08214721431477
142.155347702318
142.155347702318
142.0089467263115
142.0089467263115
142.0089467263115
141.93574623830827
142.0089467263115
142.0089467263115
141.93574623830827
141.93574623830827
141.862545750305
141.78934526230174
141.7161447742985
141.569743798292
141.569743798292
141.49654331028873
141.49654331028873
141.569743798292
141.49654331028873
141.49654331028873
141.49654331028873
141.4233428222855
141.4233428222855
141.35014233428222
141.35014233428222
141.276941846279
141.4233428222855
141.276941846279
141.35014233428222
141.276941846279
141.13054087027245
141.13054087027245
141.13054087027245
141.13054087027245
141.05734038226922
141.05734038226922
141.05734038226922
140.98413989426598
140.98413989426598
140.9109394062627
140.83773891825945
140.76453843025618
140.69133794225294
140.6181374542497
140.47173647824317
140.47173647824317
140.39853599023994
140.39853599023994
140.3253355022367
140.25213501423343
140.25213501423343
140.25213501423343
140.17893452623017
140.17893452623017
140.17893452623017
140.1057340382269
140.03253355022366
140.03253355022366
139.95933306222042
139.88613257421716
139.88613257421716
139.73973159821065
139.66653111020742
139.66653111020742
139.52013013420088
139.52013013420088
139.44692964619765
139.3737291581944
139.30052867019114
139.22732818218788
139.22732818218788
139.1541276941846
139.08092720618137
139.00772671817813
138.93452623017487
138.93452623017487
138.8613257421716
138.78812525416836
138.71492476616513
138.5685237901586
138.49532330215536
138.42212281415212
138.27572183814559
138.20252135014232
138.05612037413584
138.05612037413584
137.9097193981293
137.9097193981293
137.7633184221228
137.7633184221228
137.69011793411957
137.4705164701098
137.4705164701098
137.4705164701098
137.4705164701098
137.4705164701098
136.95811305408702
136.88491256608378
136.372509150061
136.372509150061
135.9333062220415
135.9333062220415
135.49410329402195
135.56730378202522
135.56730378202522
135.34770231801545
135.12810085400568
135.20130134200895
135.12810085400568
135.20130134200895
134.98169987799918
134.98169987799918
134.39609597397316
134.98169987799918
134.98169987799918
134.7620984139894
134.90849938999594
134.98169987799918
134.39609597397316
133.81049206994712
133.81049206994712
133.81049206994712
133.81049206994712
133.88369255795038
133.81049206994712
133.66409109394064
133.81049206994712
133.81049206994712
133.81049206994712
133.81049206994712
133.88369255795038
133.81049206994712
133.2248881659211
133.2248881659211
133.2248881659211
133.2248881659211
133.15168767791783
133.2248881659211
133.0784871899146
133.15168767791783
133.0784871899146
133.15168767791783
133.15168767791783
133.15168767791783
1126
