32.69538
32.975822
33.165997
33.364437
33.364273
33.26538
33.2008
33.314945
33.305386
33.296616
33.496487
33.613125
33.72782
33.82917
33.847054
33.842194
33.755943
33.77511
33.688038
33.790443
33.977097
33.973873
34.073692
34.080338
34.179165
34.06648
34.167442
34.172794
34.280056
34.18525
34.2968
34.311966
34.43621
34.44118
34.364166
34.37035
34.38887
34.4041
34.52054
34.631298
34.635567
34.729664
34.83467
34.73765
34.740326
34.755596
34.874367
34.98537
35.006893
35.124134
35.1434
35.146633
35.35495
35.265682
35.381298
35.389954
35.516716
35.640545
35.874958
35.97459
35.97315
36.084167
36.19949
36.19619
36.320885
36.427723
36.541737
36.574535
36.67032
36.6676
36.672607
36.767685
36.76131
36.864613
36.87201
36.876434
36.88505
36.877296
36.866966
36.8678
36.966908
36.970913
37.07563
37.094055
37.23107
37.324787
37.43498
37.46561
37.61967
37.726204
37.817413
37.821686
37.936905
38.178974
38.31028
38.413322
38.41618
38.54133
38.671993
38.74763
38.84104
38.839867
39.01755
39.1225
39.115868
39.11272
39.3223
39.4079
39.418167
39.521767
39.621136
39.738735
39.862022
39.753048
39.981907
40.082222
40.202938
40.298912
40.399944
40.48727
40.594765
40.69699
40.815636
40.92174
41.01229
41.10758
41.191185
41.29232
41.424644
41.539764
41.531506
41.744446
41.85656
41.973972
42.111263
42.22656
42.348076
42.353542
42.56136
42.6758
42.897358
43.004433
43.11001
43.18639
43.409542
43.622562
43.730473
43.95254
43.947742
44.15906
44.262325
44.477436
44.69818
44.78332
44.997932
45.210506
45.32833
45.415382
45.5244
45.63308
45.869446
46.09662
46.06961
46.272476
46.39854
46.68459
46.7849
46.98
47.19047
47.149277
47.331142
47.39849
21.733124
21.724096
21.718662
21.803993
21.986074
21.977438
22.058191
22.13783
22.218996
22.38544
22.382019
22.47101
22.553747
22.643482
22.735111
22.91386
22.827967
22.741907
22.744183
22.748695
22.667221
22.756323
22.748123
22.835129
22.747152
22.751144
22.66297
22.5914
22.511805
22.520529
22.432377
22.439497
22.539915
22.721077
22.902533
22.903728
22.97522
22.96664
22.96043
23.046242
23.131742
23.0445
23.059267
23.089787
23.228693
23.360712
23.332905
23.325005
23.322443
23.313568
23.411371
23.513319
23.609768
23.594185
23.673672
23.662535
23.654081
23.641363
23.65194
23.580423
23.513693
23.542469
23.450768
23.533642
23.597504
23.594732
23.594604
23.679338
23.760792
23.77378
23.78242
23.795393
23.903109
23.921793
23.92047
23.915607
23.918402
23.922882
23.942913
24.074669
24.087349
24.07756
24.148033
24.224028
24.237484
24.33112
24.41687
24.417961
24.449287
24.554338
24.657331
24.658993
24.628887
24.701845
24.694435
24.820396
24.80577
24.894707
24.907345
24.908045
24.910154
24.896223
24.875458
24.86908
24.862644
24.864162
24.872292
24.785456
24.873028
24.693848
24.809944
24.744179
24.84006
24.753847
24.853245
24.854467
24.875612
24.891188
24.885073
24.972189
24.982798
24.984962
24.981668
24.988575
25.069738
25.073303
25.066717
25.065248
25.056677
25.041063
25.129333
25.117
25.11842
25.1124
25.112879
25.210634
25.207224
25.293118
25.289354
25.292038
25.294062
25.400425
25.421198
25.422922
25.422325
25.418661
25.532488
25.54087
25.536705
25.628204
25.624674
25.718609
25.798346
25.867313
25.860828
25.946486
25.928951
26.024443
26.01459
26.010891
26.121304
26.210445
26.20732
26.307798
26.390688
26.479488
26.559713
26.64764
26.64673
26.74161
26.84011
26.828224
26.928003
26.929192
26.938421
26.945255
26.93724
26.937275
27.021183
27.017212
27.01499
27.103662
27.093224
27.180716
27.260368
27.242529
27.336918
27.419397
27.517317
27.618378
27.61833
27.7149
27.814142
27.92712
28.023178
28.016712
28.106504
28.187494
28.183737
28.273464
28.366638
28.444923
28.440962
28.528873
28.518055
28.605831
28.696507
28.697641
28.781425
28.866873
25.999401
25.912626
25.925701
26.035282
26.036459
25.927431
25.942865
26.051462
25.958485
26.069948
26.08235
26.211464
26.11123
26.231071
26.133617
26.148434
26.16671
26.293411
26.309172
26.319534
26.428661
26.45261
26.559673
26.567823
26.570976
26.687412
26.80564
26.805676
26.92102
26.913334
26.9068
26.894949
27.008734
27.013824
27.005482
26.993896
27.097202
27.090826
27.006683
27.006609
27.009338
27.015743
27.115965
27.118534
27.234777
27.248917
27.149223
27.260557
27.2605
27.375801
27.392445
27.410906
27.416256
27.52408
27.507698
27.497889
27.658688
27.655956
27.640787
27.74811
27.763002
27.88067
27.863674
27.765495
27.781406
27.911592
27.916414
28.003773
28.004814
28.019434
28.140661
28.176723
28.1748
28.186237
28.29834
28.307741
28.3254
28.316616
28.307243
28.419329
28.415089
28.420212
28.434805
28.412327
28.50573
28.508966
28.61426
28.612732
28.726208
28.716843
19.387823
19.385519
19.464996
19.66833
19.76577
19.875477
19.87394
19.976982
19.98256
20.008398
19.996204
20.103039
20.20351
20.205585
20.206972
20.305006
20.306948
20.210114
20.220486
20.216806
20.321238
20.337389
20.2524
20.357052
20.46126
20.388958
20.416515
20.537207
20.67236
20.782726
20.812496
20.902832
20.894245
20.905516
20.877184
20.850626
20.93538
20.93251
20.960733
20.988956
21.02126
20.910015
20.879637
20.848055
20.82964
20.821556
20.917097
20.91814
20.925047
20.84149
20.961983
21.00061
21.145248
21.162113
21.16987
21.187153
21.220106
21.326233
21.33652
21.439985
21.542187
21.542284
21.508986
21.645378
21.758142
21.768564
21.74827
21.73692
21.836706
21.974806
21.951988
22.016342
22.097988
22.178879
22.196056
22.270313
22.36191
22.341307
22.360983
22.344225
22.427618
22.437782
22.459223
22.5805
22.574278
22.669964
22.548225
22.563248
22.56263
22.57075
22.658794
22.771393
22.777874
22.86849
22.946255
23.04397
23.155804
23.38718
23.491581
23.602654
23.694069
23.783033
23.886986
23.986336
15.871483
15.866838
15.863167
15.860003
15.86394
15.874397
15.890604
15.892096
15.885471
15.883845
15.783167
15.786726
15.700176
15.710832
15.797159
15.808849
15.727426
15.737415
15.747321
15.750742
15.760342
15.855423
15.86918
15.861302
15.951921
15.950492
15.955864
16.034771
15.937762
15.928824
15.933738
15.838995
15.836101
15.833223
15.73243
15.741952
15.728611
15.633127
15.620714
15.70777
15.782225
15.873089
15.957958
15.9677925
16.060242
15.960716
15.966069
15.970957
15.976078
15.880061
15.884369
15.881765
15.794492
15.7962055
15.796165
15.799172
15.89229
15.801322
15.799535
15.885347
15.783328
15.774338
15.777874
15.773225
15.770358
15.767184
15.768798
15.768311
15.768794
15.6752405
15.682315
15.689307
15.698217
15.622031
15.626998
15.639764
15.568146
15.56819
15.594061
15.60564
15.510987
15.507787
15.422505
15.418635
15.415111
15.306185
15.393036
15.300186
15.292198
15.293341
15.294941
15.289887
15.300747
15.309583
15.223801
15.235404
-25.215864
-25.218481
-25.312376
-25.314493
-25.503107
-25.505257
-25.695742
-25.893534
-25.89306
-25.986954
-25.893646
-25.984074
-26.271086
-26.382256
-26.382353
-26.20578
-26.110775
-26.11703
-26.023783
-26.121367
-26.02795
-26.026312
-26.116356
-26.11896
-26.215912
-26.311985
-26.500105
-26.500689
-26.597322
-26.590714
-26.495869
-26.685587
-26.595442
-26.493912
-26.584442
-26.585545
-26.690897
-26.880486
-26.878878
-26.888378
-26.80512
-27.006866
-27.113337
-26.929379
-26.642565
-27.02791
-26.841608
-26.945107
-27.222536
-27.140615
-26.757242
-26.846241
-27.22608
-27.413216
-27.505547
-27.410961
-27.603064
-27.786264
-27.786522
-27.976387
-28.07007
-28.171673
-28.361042
-28.546976
-28.732151
-28.830729
-29.11412
-29.211124
-29.220839
-28.945763
-29.315126
-29.132687
-29.310547
-29.322449
-29.240084
-28.968477
-29.061916
-29.437963
-29.709229
-29.886707
-29.795937
-30.160147
-30.161737
-29.99665
-30.272383
-30.364422
-30.366001
-30.284382
-30.386578
-30.479141
-30.572275
-30.755478
-30.852802
-30.858938
-31.03856
-31.044685
-31.041904
-31.130037
-31.308512
-31.304895
-31.38584
-31.468302
-31.5598
-31.56119
-31.55524
-31.642904
-31.731535
-31.731018
-31.908514
-32.08153
-32.085117
-32.170753
-32.260506
-32.26897
-32.268105
-32.26606
-32.278404
-32.289566
-32.486256
-32.504436
-32.619545
-32.745865
-32.851215
-33.01656
-33.12671
-33.310078
-33.293346
-33.417225
-33.418163
-33.41371
-33.49764
-33.489628
-33.605297
-33.7834
-33.8022
-33.8218
-33.835075
-33.861122
-33.873062
-33.96085
-33.97678
-33.967022
-33.88501
-33.876125
-33.8791
-33.876118
-33.885128
-33.906048
-33.98715
-33.98974
-22.662516
-23.478502
-24.189022
-23.8906
-23.895874
-24.193657
-23.897806
-23.901525
-24.200073
-23.903791
-24.19774
-23.899271
-23.89671
-23.892984
-24.183315
-24.184488
-24.173166
-24.170404
-24.172405
-23.870424
-24.16749
-23.87067
-24.167633
-24.171534
-24.17466
-24.177542
-24.185549
-24.183777
-24.192648
-24.196974
-24.20077
-24.206451
-24.207365
-24.09894
-24.201834
-24.205938
-24.206287
-24.202713
-24.203186
-24.20138
-23.902218
-24.196018
-23.895046
-23.893297
-24.189276
-24.191933
-24.187845
-23.891914
-24.188803
-23.895746
-23.899761
-23.900953
-23.903868
-24.20833
-24.211172
-23.913504
-24.209509
-24.213524
-24.207945
-23.908932
-23.906008
-23.901186
-23.89732
-24.189089
-23.89037
-23.886135
-24.182499
-23.881401
-24.17823
-24.180727
-24.181213
-24.182302
-24.192112
-24.19459
-24.19441
-24.205042
-24.209057
-24.215607
-24.218527
-24.222189
-24.226086
-24.230679
-25.021338
-24.921328
-24.918457
-24.72412
-25.328829
-25.223625
-24.826181
-24.638914
-24.54076
-24.329378
-24.230627
-24.036438
-24.548197
-24.426834
-23.718815
-23.925224
-23.839035
-23.752241
-23.767048
-23.76731
-23.856037
-24.049866
-24.262375
-24.468122
-24.669992
-24.772924
-24.887781
-24.8896
-24.891602
-24.800493
-24.699331
-24.594929
-24.592691
-24.496862
-24.395866
-24.401485
-24.405428
-24.409012
-24.404589
-24.503065
-24.401684
-24.389399
-24.290089
-24.284113
-24.186306
-24.175201
-24.073416
-24.172752
-24.169802
-24.16948
-24.071774
-24.166948
-24.172684
-23.976845
-24.079071
-23.992626
-23.997272
-24.104452
-23.908632
-24.216448
-24.328964
-24.03933
-24.12555
-24.32499
-24.42493
-24.241302
-24.245789
-24.251472
-24.247381
-24.140623
-24.344273
-24.256495
-24.664984
-24.678808
-24.583878
-24.592356
-24.702778
-24.704948
-24.71326
-24.920723
-24.928534
-25.029316
-25.139492
-25.15143
-25.158813
-25.26597
-25.36585
-25.469511
-25.577555
-25.685326
-25.790958
-25.799809
-25.906092
-25.921139
-25.82864
-25.938843
-26.042664
-26.148838
-26.15699
-26.17916
-26.403313
-26.318033
-26.53523
-26.538599
-26.658422
-26.862667
-26.98578
-27.198875
-27.21426
-27.325949
-27.342224
-27.451078
-27.657755
-27.771437
-27.977018
-27.893312
-28.201035
-28.307858
-28.507627
-28.514791
-28.713398
-28.818926
-28.91693
-29.023535
-29.135054
-29.247948
-29.351225
-29.455301
-29.56836
-29.683455
-29.786587
-29.986937
-30.100061
-30.301271
-30.405537
-30.619177
-30.733143
-30.922842
-31.041866
-31.131418
-31.227757
-31.338161
-31.439087
-31.534653
-31.636189
-31.732233
-31.814976
-32.002354
-32.10373
-32.19157
-32.295475
-32.47339
-32.5636
-32.654793
-32.837345
-32.932976
-33.111313
-33.19312
-33.27686
-33.259846
-33.327084
-33.400364
-33.540825
-33.544865
-33.561592
-33.516125
-33.560078
-33.476597
-33.378613
-33.43343
-33.385483
-33.336857
-33.291336
-33.261993
-33.227776
-33.214794
-33.289635
-33.28392
-33.539852
-33.539093
-33.885723
-33.890427
-33.886116
-34.057148
-34.22525
-34.229977
-34.218914
-34.216892
-34.292747
-34.28896
-34.54314
-34.28567
-34.28172
-34.366203
-34.277336
-34.28045
-34.537663
-35.241642
-35.510372
-35.511696
-35.512466
-35.51567
-35.514553
-35.507385
-35.511032
-35.512638
-35.50711
-35.50599
-35.50481
-35.493855
-36.175385
-36.858345
-36.85808
-36.857136
-37.02348
-36.86061
-37.024925
-37.031937
-37.029335
-37.03544
-37.031834
-37.036453
1126
