-100.4866
-100.38939
-100.4794
-100.88246
-101.108955
-101.21057
-101.285995
-101.281906
-101.41928
-101.33111
-101.356636
-101.35479
-101.50062
-101.47619
-101.57668
-101.72077
-101.7666
-101.79354
-101.762695
-101.66411
-101.74261
-101.7381
-101.78597
-101.87056
-101.9166
-101.926765
-101.97583
-102.05857
-102.11586
-102.22642
-102.21411
-102.38553
-102.389915
-102.54724
-102.607544
-102.69127
-102.64128
-102.58673
-102.655014
-102.6398
-102.645546
-102.68277
-102.65906
-102.76875
-102.77232
-102.71753
-102.711975
-102.69556
-102.72402
-102.71519
-102.81576
-102.74477
-102.691216
-102.812836
-102.800674
-102.81189
-102.813545
-102.735535
-102.861855
-102.75175
-102.8251
-102.804214
-102.71313
-102.784195
-102.77945
-102.827255
-102.883484
-102.923676
-102.88199
-102.95372
-102.95983
-102.99208
-102.98434
-103.026344
-103.110275
-103.19059
-103.27597
-103.266594
-103.32905
-103.25511
-103.21669
-103.22151
-103.18958
-103.21164
-103.217766
-103.24684
-103.22028
-103.256355
-103.280594
-103.24867
-103.19875
-103.2037
-103.106476
-103.073845
-103.06852
-103.10555
-103.18352
-103.170334
-103.16281
-103.09367
-103.04425
-103.04294
-103.00831
-103.04573
-103.038475
-103.035034
-102.95977
-103.050064
-103.061165
-103.021706
-102.97754
-102.95264
-102.93345
-102.967926
-102.910286
-102.866196
-102.84331
-102.79429
-102.75038
-102.76641
-102.7289
-102.759964
-102.733444
-102.768005
-102.78652
-102.73561
-102.746895
-102.70168
-102.76152
-102.803764
-102.79554
-102.7882
-102.67902
-102.722534
-102.7851
-102.7521
-102.7986
-102.80387
-102.641014
-102.68
-102.52936
-102.56072
-102.443306
-102.37197
-102.22154
-102.20815
-102.16576
-102.08633
-102.15532
-101.99216
-101.94493
-101.85791
-101.77547
-101.71153
-101.623055
-101.53235
-101.497
-101.50757
-101.46428
-101.34762
-101.2765
-101.2698
-101.173645
-101.07289
-100.9707
-100.80354
-100.679245
-100.64414
-100.5491
-100.44192
-100.32302
-100.316475
-125.38026
-125.57152
-125.7009
-125.822975
-125.88291
-126.075615
-126.1822
-126.285126
-126.39295
-126.47456
-126.68401
-126.74288
-126.8552
-126.989204
-127.201996
-127.392365
-127.63773
-127.882385
-127.96263
-128.12303
-128.38188
-128.51251
-128.7064
-128.83023
-129.06871
-129.30025
-129.46483
-129.60861
-129.80034
-129.90106
-130.06567
-130.16144
-130.18158
-130.23079
-130.27943
-130.42899
-130.50296
-130.6223
-130.74886
-130.86691
-130.91104
-131.15257
-131.34325
-131.50928
-131.71388
-131.89482
-131.95724
-132.0063
-132.07133
-132.11736
-132.19563
-132.28543
-132.43085
-132.53024
-132.55316
-132.66559
-132.78577
-132.89336
-133.1417
-133.28708
-133.51947
-133.60464
-133.69127
-133.65097
-133.62706
-133.69128
-133.76326
-133.80101
-133.90132
-134.01146
-134.1089
-134.2189
-134.39418
-134.52023
-134.58864
-134.6469
-134.65494
-134.74002
-134.86981
-134.96681
-135.07501
-135.04724
-135.04118
-135.05095
-135.16089
-135.21979
-135.25632
-135.33142
-135.49014
-135.57884
-135.66098
-135.8095
-135.72748
-135.79977
-135.85155
-135.99515
-136.02763
-136.07068
-136.17635
-136.25003
-136.32748
-136.43376
-136.44977
-136.50438
-136.55876
-136.63458
-136.72815
-136.83414
-136.87349
-137.07034
-137.04373
-137.20721
-137.26831
-137.37682
-137.44711
-137.52205
-137.65047
-137.69228
-137.67587
-137.71204
-137.81189
-137.81766
-137.88046
-137.89886
-137.9187
-137.92813
-137.9107
-137.97836
-138.02719
-138.05725
-138.02464
-137.99208
-138.0673
-138.05139
-138.12411
-138.11641
-138.17886
-138.13971
-138.20125
-138.27962
-138.35625
-138.36986
-138.42357
-138.49934
-138.4978
-138.55968
-138.59103
-138.6125
-138.60184
-138.57518
-138.63748
-138.61668
-138.55984
-138.54732
-138.53108
-138.56038
-138.58784
-138.64148
-138.61711
-138.75005
-138.76901
-138.73508
-138.79843
-138.79175
-138.813
-138.77736
-138.79195
-138.82468
-138.89334
-138.94218
-138.99896
-139.0419
-139.1012
-139.24535
-139.26678
-139.3533
-139.40535
-139.40543
-139.42717
-139.418
-139.41287
-139.44548
-139.42151
-139.45123
-139.39241
-139.42233
-139.39705
-139.48538
-139.46729
-139.52597
-139.52588
-139.574
-139.62743
-139.71005
-139.75523
-139.7413
-139.77267
-139.78493
-139.77693
-139.80768
-139.8453
-139.85141
-139.84311
-139.86923
-139.91663
-139.94228
-139.97362
-140.0458
-140.06262
-140.08263
139.48529
139.44557
139.3468
139.32057
139.32455
139.20947
139.11858
139.1605
139.0999
139.07977
139.05
139.0171
138.86081
138.93971
138.79286
138.77104
138.7608
138.79036
138.84317
138.80609
138.77611
138.78423
138.7469
138.70222
138.56927
138.5627
138.56166
138.49007
138.4792
138.3823
138.28918
138.10704
138.09105
138.03607
137.8656
137.68462
137.6345
137.4707
137.43993
137.29651
137.2338
137.18304
137.12296
137.05971
136.9798
136.95387
136.87274
136.84828
136.77654
136.76457
136.67485
136.66246
136.60803
136.57153
136.44768
136.34488
136.47699
136.39674
136.27701
136.16716
136.14278
136.0653
135.94028
135.86462
135.84332
135.87665
135.82027
135.71869
135.57898
135.62479
135.55768
135.59866
135.52116
135.48529
135.46051
135.41818
135.40146
135.30269
135.2021
135.1771
135.0925
135.03685
135.0819
134.94101
134.85844
134.79695
134.82246
134.67496
134.65408
134.48273
177.29678
177.28589
177.06207
177.03711
176.82626
176.81454
176.66496
176.47926
176.36249
176.41045
176.21158
176.18506
176.05754
175.9244
175.8594
175.72037
175.5865
175.4455
175.42151
175.33325
175.29462
175.22523
175.13861
175.17178
175.13103
175.1023
175.15585
175.18848
175.28494
175.26895
175.33043
175.15265
175.04288
175.09303
174.89534
174.70541
174.5752
174.49084
174.54471
174.59839
174.59836
174.54034
174.33351
174.26439
174.11063
174.00294
173.92119
173.85419
173.81326
173.8052
173.90567
174.00533
174.21046
174.21309
174.17558
174.25163
174.39656
174.35777
174.40277
174.3518
174.3667
174.29541
174.079
174.2422
174.23035
174.20357
174.04442
173.92378
173.92767
174.0236
173.8543
173.63467
173.56105
173.41286
173.48576
173.30962
173.20712
173.04855
173.05997
172.98924
172.85251
172.89528
172.98546
173.079
172.98134
172.8957
172.65727
172.72021
172.646
172.68
172.56256
172.61908
172.64603
172.61078
172.45085
172.44511
172.42574
172.48848
172.43732
172.41293
172.23724
172.12329
172.06961
171.9973
100.53053
100.44008
100.353645
100.26933
100.21411
100.18555
100.18037
100.18646
100.08803
100.01002
99.81241
99.75562
99.687004
99.65944
99.58423
99.56057
99.51328
99.41132
99.451866
99.39439
99.3621
99.321495
99.30577
99.2024
99.14343
99.06628
98.94504
98.768005
98.65829
98.479836
98.356926
98.25575
98.172844
98.01872
97.89265
97.93104
97.734764
97.70074
97.579216
97.508415
97.38739
97.332344
97.182556
97.07943
96.95952
96.767784
96.64701
96.524315
96.47346
96.29532
96.24134
96.08928
96.01616
95.95197
95.88088
95.82181
95.77603
95.61751
95.53962
95.39465
95.26354
95.15755
95.10061
94.94089
94.92969
94.77585
94.711426
94.568115
94.499306
94.32972
94.28662
94.172485
94.065735
94.10559
94.0542
93.962395
94.020805
93.87918
93.90936
93.883606
93.78178
93.69825
93.63289
93.61765
93.4618
93.373695
93.30402
93.13717
93.03471
92.96836
92.9038
92.74217
92.714066
92.607086
92.538826
92.51368
77.148125
77.1597
77.09048
77.09982
76.96685
77.32815
77.06497
77.18795
77.18585
77.05047
77.118126
76.89729
76.86976
77.163574
76.95318
76.917206
76.83563
76.7926
76.86004
76.74119
76.7375
76.73035
76.71929
76.87138
76.8911
76.90755
76.854416
76.85692
76.80732
76.70834
76.69539
76.58151
76.58829
76.54628
76.3298
76.40483
76.60451
76.492584
76.13445
76.17539
76.35112
76.573906
76.64002
76.70393
76.44081
76.59444
76.57918
76.63122
76.71846
77.10967
77.03307
77.09198
77.08547
77.179474
77.25723
77.24005
77.42829
77.36977
77.37088
77.48425
77.57162
77.69367
77.66963
77.56336
77.526825
77.570274
77.58177
77.48103
77.38227
77.1937
77.27064
77.02998
76.97093
77.16159
77.25381
77.150116
77.45367
77.63159
77.463684
77.411354
77.393524
77.473885
77.340706
77.441025
77.51538
77.33224
77.26892
77.28608
77.42573
77.455444
77.48829
77.47327
77.525955
77.55179
77.52614
77.62184
77.540184
77.556404
77.530464
77.44543
77.43378
77.42927
77.46342
77.39947
77.30476
77.32363
77.34732
77.34515
77.39578
77.29142
77.23671
77.182144
77.14552
77.1808
77.10754
77.029366
77.08081
77.19694
77.33685
77.412605
77.623245
77.8117
77.91344
77.860405
77.984406
78.01114
77.87177
77.91548
77.84958
77.83108
77.84911
77.74609
77.896645
77.90939
77.91756
77.92894
77.91409
78.022026
78.14147
78.1087
78.174675
78.13426
78.121025
78.15416
78.16649
78.22408
78.331436
78.48829
78.49761
78.57837
151.02605
150.66936
150.22855
150.38007
150.4105
149.83174
150.42166
150.44318
149.86856
150.45627
149.85518
150.43015
150.41534
150.39384
149.77243
150.20253
149.85538
149.83952
150.13321
150.26353
149.68166
150.26495
149.68248
149.84602
149.86395
149.8805
150.20862
149.91623
150.24931
150.27415
150.29588
150.3285
150.33374
150.00333
150.0198
150.255
150.25703
150.02487
150.02756
150.01721
150.44719
149.84529
150.40573
150.39566
149.80663
150.1747
149.93958
150.38766
149.80392
150.4098
150.43295
150.43985
150.45667
150.2687
150.28503
150.51233
149.9227
150.2985
150.05486
150.48593
150.46902
150.4412
150.41885
149.80556
150.37874
150.35428
149.76775
150.32692
149.74326
149.89874
149.90157
149.90776
150.24625
150.2605
149.97722
150.32043
150.34344
150.38098
150.39774
150.41875
150.44109
150.46744
146.18951
146.11473
145.88614
146.12389
145.75069
145.71625
145.50107
145.56721
145.57535
145.57776
145.51263
145.47351
145.40485
145.35204
145.44313
145.835
146.12827
146.27666
146.43356
146.50609
146.51073
146.47404
146.54625
146.50975
146.38173
146.25887
146.20377
146.07236
145.87103
145.7771
145.69753
145.52882
145.44514
145.46745
145.38974
145.42188
145.44437
145.39381
145.2975
145.21872
145.13878
144.92647
144.85843
144.68202
144.76514
144.55916
144.61967
144.61621
144.52812
144.45514
144.46793
144.29832
144.26009
144.28346
144.15396
144.30322
144.40125
144.44229
144.25375
144.22646
144.36964
144.21619
144.1363
144.13336
143.77786
143.9417
143.89618
144.07126
143.90532
143.79547
143.74527
143.8151
143.79488
143.7311
143.61644
143.80713
143.7961
143.66603
143.78445
143.82935
143.73119
143.73746
143.79707
143.79315
143.90587
143.94844
143.87944
143.90318
143.8807
143.85706
143.82184
143.72902
143.76875
143.78125
143.81828
143.95047
143.90558
143.94508
143.9901
144.04163
144.1861
144.19052
144.29677
144.24437
144.50124
144.3968
144.60133
144.61842
144.56044
144.63272
144.72087
144.77803
144.76343
144.84784
144.90091
144.90591
144.98398
144.96329
144.92017
144.88782
144.84099
144.81628
144.68216
144.73463
144.74324
144.82973
144.79607
144.76718
144.856
144.95584
144.9238
144.97084
145.06242
145.0477
145.02536
145.14845
145.17786
145.112
145.23874
145.07614
145.01869
145.10324
145.00113
145.01149
144.98344
144.92836
144.80667
144.74622
144.79057
144.69821
144.68768
144.58772
144.51076
144.5087
144.43886
144.39256
144.30685
144.12537
144.02336
143.86981
143.618
143.46605
143.13503
143.15509
142.65666
142.43051
142.06863
141.65303
141.09581
140.72087
140.48161
140.2387
140.01112
139.8644
139.21303
139.07942
138.53204
138.50348
138.05414
138.05032
137.62885
137.72061
137.69919
137.48277
137.25574
137.34741
137.22429
137.28247
137.02748
137.00867
136.45042
136.99237
136.9728
136.76172
136.8828
136.96646
136.4233
136.0148
136.10321
136.10973
136.11351
136.19688
136.12376
135.95319
136.10646
136.11433
136.08719
136.0817
136.14354
136.02206
135.58514
135.75217
135.75092
135.74628
135.70847
135.76323
135.64857
135.74954
135.67001
135.76657
135.74907
135.77151
1126
