-104.59358065860775
-104.59358065860775
-104.66861192163401
-104.59358065860775
-104.59358065860775
-104.66861192163401
-104.66861192163401
-104.66861192163401
-104.66861192163401
-104.59358065860775
-104.74364318466027
-104.66861192163401
-104.74364318466027
-104.74364318466027
-104.66861192163401
-104.74364318466027
-104.74364318466027
-104.81867444768653
-104.8937057107128
-104.8937057107128
-104.8937057107128
-104.96873697373906
-104.96873697373906
-105.04376823676532
-105.04376823676532
-105.11879949979158
-105.19383076281785
-105.26886202584411
-105.34389328887038
-105.34389328887038
-105.41892455189662
-105.34389328887038
-105.34389328887038
-105.34389328887038
-105.34389328887038
-105.34389328887038
-105.34389328887038
-105.41892455189662
-105.41892455189662
-105.41892455189662
-105.41892455189662
-105.41892455189662
-105.41892455189662
-105.41892455189662
-105.34389328887038
-105.34389328887038
-105.34389328887038
-105.41892455189662
-105.49395581492288
-105.49395581492288
-105.49395581492288
-105.49395581492288
-105.49395581492288
-105.49395581492288
-105.56898707794915
-105.6440183409754
-105.6440183409754
-105.6440183409754
-105.6440183409754
-105.79408086702793
-105.79408086702793
-105.79408086702793
-105.79408086702793
-105.79408086702793
-105.79408086702793
-105.79408086702793
-105.79408086702793
-105.79408086702793
-105.79408086702793
-105.79408086702793
-105.79408086702793
-105.86911213005419
-105.86911213005419
-105.94414339308045
-105.94414339308045
-106.0191746561067
-106.09420591913296
-106.09420591913296
-106.16923718215922
-106.16923718215922
-106.2442684451855
-106.31929970821176
-106.31929970821176
-106.39433097123802
-106.31929970821176
-106.39433097123802
-106.46936223426428
-106.46936223426428
-106.54439349729054
-106.54439349729054
-106.46936223426428
-106.54439349729054
-106.46936223426428
-106.54439349729054
-106.46936223426428
-106.46936223426428
-106.39433097123802
-106.46936223426428
-106.46936223426428
-106.46936223426428
-106.54439349729054
-106.46936223426428
-106.46936223426428
-106.46936223426428
-106.46936223426428
-106.46936223426428
-106.46936223426428
-106.46936223426428
-106.46936223426428
-106.54439349729054
-106.54439349729054
-106.46936223426428
-106.46936223426428
-106.54439349729054
-106.46936223426428
-106.46936223426428
-106.39433097123802
-106.39433097123802
-106.31929970821176
-106.39433097123802
-106.39433097123802
-106.31929970821176
-106.31929970821176
-106.39433097123802
-106.31929970821176
-106.31929970821176
-106.31929970821176
-106.2442684451855
-106.2442684451855
-106.39433097123802
-106.39433097123802
-106.39433097123802
-106.39433097123802
-106.39433097123802
-106.39433097123802
-106.39433097123802
-106.0191746561067
-105.6440183409754
-105.6440183409754
-105.6440183409754
-105.6440183409754
-105.6440183409754
-105.6440183409754
-105.6440183409754
-105.6440183409754
-105.6440183409754
-105.6440183409754
-105.6440183409754
-105.6440183409754
-105.6440183409754
-105.6440183409754
-105.6440183409754
-105.6440183409754
-105.6440183409754
-105.6440183409754
-105.6440183409754
-105.6440183409754
-105.6440183409754
-105.6440183409754
-105.6440183409754
-105.6440183409754
-106.2442684451855
-106.84451854939557
-107.36973739057942
-107.96998749478949
-108.49520633597334
-108.49520633597334
-108.49520633597334
-108.49520633597334
-108.34514380992081
-108.34514380992081
-108.19508128386828
-130.17924135056273
-130.254272613589
-130.32930387661526
-130.40433513964152
-130.55439766569404
-130.70446019174656
-130.77949145477282
-130.92955398082535
-131.07961650687787
-131.2296790329304
-131.45477282200918
-131.52980408503544
-131.67986661108796
-131.67986661108796
-131.75489787411422
-131.75489787411422
-131.82992913714048
-131.90496040016674
-131.979991663193
-132.05502292621927
-132.20508545227176
-132.28011671529802
-132.35514797832428
-132.43017924135057
-132.5802417674031
-132.65527303042936
-132.73030429345562
-132.80533555648188
-132.80533555648188
-132.88036681950814
-132.9553980825344
-132.9553980825344
-133.03042934556063
-133.03042934556063
-133.1054606085869
-133.18049187161316
-133.25552313463942
-133.33055439766568
-133.40558566069194
-133.48061692371823
-133.5556481867445
-133.63067944977075
-133.705710712797
-133.8557732388495
-133.8557732388495
-134.00583576490203
-134.0808670279283
-134.15589829095455
-134.23092955398081
-134.30596081700708
-134.38099208003334
-134.4560233430596
-134.5310546060859
-134.6811171321384
-134.75614839516464
-134.8311796581909
-134.90621092121717
-134.98124218424343
-135.0562734472697
-135.13130471029595
-135.2063359733222
-135.35639849937473
-135.28136723634847
-135.35639849937473
-135.431429762401
-135.50646102542726
-135.58149228845352
-135.65652355147978
-135.73155481450604
-135.73155481450604
-135.73155481450604
-135.8065860775323
-135.88161734055856
-135.88161734055856
-135.95664860358482
-135.95664860358482
-136.03167986661109
-136.03167986661109
-136.03167986661109
-136.10671112963735
-136.1817423926636
-136.25677365568987
-136.25677365568987
-136.25677365568987
-136.33180491871613
-136.33180491871613
-136.4068361817424
-136.4068361817424
-136.48186744476865
-136.48186744476865
-136.55689870779491
-136.63192997082118
-136.70696123384744
-136.70696123384744
-136.70696123384744
-136.7819924968737
-136.7819924968737
-136.85702375989996
-136.85702375989996
-136.85702375989996
-136.85702375989996
-136.85702375989996
-136.93205502292622
-136.93205502292622
-136.93205502292622
-137.00708628595248
-137.00708628595248
-137.08211754897874
-137.157148812005
-137.23218007503127
-137.23218007503127
-137.3822426010838
-137.3822426010838
-137.3822426010838
-137.45727386411005
-137.45727386411005
-137.5323051271363
-137.5323051271363
-137.60733639016254
-137.68236765318883
-137.7573989162151
-137.83243017924136
-137.90746144226762
-137.98249270529388
-138.05752396832014
-138.20758649437266
-138.20758649437266
-138.28261775739892
-138.35764902042519
-138.35764902042519
-138.43268028345142
-138.43268028345142
-138.43268028345142
-138.50771154647768
-138.50771154647768
-138.58274280950394
-138.58274280950394
-138.6577740725302
-138.6577740725302
-138.80783659858275
-138.80783659858275
-138.88286786160901
-138.88286786160901
-138.95789912463528
-139.03293038766154
-139.1079616506878
-139.18299291371406
-139.18299291371406
-139.25802417674032
-139.33305543976655
-139.33305543976655
-139.40808670279282
-139.48311796581908
-139.55814922884534
-139.55814922884534
-139.6331804918716
-139.70821175489786
-139.78324301792415
-139.8582742809504
-139.93330554397667
-140.00833680700293
-140.0833680700292
-140.15839933305543
-140.2334305960817
-140.30846185910795
-140.3834931221342
-140.45852438516047
-140.53355564818673
-140.53355564818673
-140.608586911213
-140.68361817423926
-140.75864943726555
-140.8336807002918
-140.8336807002918
-140.90871196331807
-140.90871196331807
-141.05877448937056
-141.05877448937056
-141.13380575239682
-141.2088370154231
-141.2088370154231
-141.3588995414756
-141.43393080450187
-141.43393080450187
-141.50896206752813
-141.5839933305544
-141.5839933305544
-141.65902459358065
-141.73405585660691
-141.8090871196332
-141.88411838265944
-141.9591496456857
-142.03418090871196
-142.03418090871196
-142.18424343476448
-142.25927469779074
-142.25927469779074
-142.334305960817
-142.40933722384327
-142.40933722384327
-142.5593997498958
-142.5593997498958
-142.63443101292205
-142.7094622759483
-142.7094622759483
-142.85952480200083
-142.85952480200083
-142.9345560650271
-143.00958732805336
-143.00958732805336
140.0833680700292
140.00833680700293
139.8582742809504
139.78324301792415
139.70821175489786
139.6331804918716
139.55814922884534
139.48311796581908
139.40808670279282
139.33305543976655
139.25802417674032
139.1079616506878
139.03293038766154
138.88286786160901
138.80783659858275
138.7328053355565
138.6577740725302
138.58274280950394
138.50771154647768
138.43268028345142
138.28261775739892
138.28261775739892
138.1325552313464
138.05752396832014
137.98249270529388
137.90746144226762
137.83243017924136
137.7573989162151
137.68236765318883
137.60733639016254
137.5323051271363
137.45727386411005
137.3822426010838
137.30721133805753
137.30721133805753
137.23218007503127
137.157148812005
137.08211754897874
137.08211754897874
136.93205502292622
136.85702375989996
136.70696123384744
136.63192997082118
136.55689870779491
136.48186744476865
136.4068361817424
136.33180491871613
136.33180491871613
136.25677365568987
136.1817423926636
136.10671112963735
136.03167986661109
135.95664860358482
135.88161734055856
135.73155481450604
135.73155481450604
135.65652355147978
135.58149228845352
135.50646102542726
135.431429762401
135.35639849937473
135.28136723634847
135.13130471029595
135.0562734472697
134.98124218424343
134.90621092121717
134.8311796581909
134.75614839516464
134.6811171321384
134.6811171321384
134.60608586911215
134.5310546060859
134.4560233430596
134.38099208003334
134.30596081700708
134.23092955398081
134.15589829095455
134.15589829095455
134.0808670279283
134.00583576490203
133.93080450187577
133.8557732388495
133.8557732388495
133.705710712797
133.63067944977075
133.63067944977075
133.5556481867445
133.48061692371823
133.40558566069194
133.33055439766568
180.0
179.92496873697374
179.92496873697374
179.84993747394748
179.84993747394748
179.77490621092122
179.69987494789495
179.69987494789495
179.69987494789495
179.6248436848687
179.6248436848687
179.54981242184243
179.54981242184243
179.47478115881617
179.3997498957899
179.3997498957899
179.32471863276365
179.2496873697374
179.17465610671113
179.09962484368486
179.09962484368486
179.0245935806586
178.94956231763234
178.87453105460608
178.87453105460608
178.79949979157982
178.79949979157982
178.72446852855356
178.6494372655273
178.57440600250104
178.4993747394748
178.4993747394748
178.4243434764485
178.4243434764485
178.4243434764485
178.4243434764485
178.34931221342225
178.274280950396
178.12421842434347
178.12421842434347
178.0491871613172
178.0491871613172
177.97415589829095
177.97415589829095
177.97415589829095
177.97415589829095
177.89912463526468
177.89912463526468
177.82409337223842
177.74906210921216
177.67403084618593
177.59899958315967
177.44893705710714
177.37390579408086
177.2988745310546
177.22384326802833
177.14881200500207
177.0737807419758
176.9237182159233
176.84868695289705
176.7736556898708
176.62359316381827
176.548561900792
176.548561900792
176.47353063776575
176.3984993747395
176.3234681117132
176.17340558566067
176.0983743226344
175.94831179658192
175.7982492705294
175.72321800750314
175.72321800750314
175.64818674447687
175.5731554814506
175.4230929553981
175.34806169237183
175.27303042934554
175.12296790329304
175.12296790329304
174.97290537724052
174.97290537724052
174.89787411421426
174.822842851188
174.74781158816174
174.67278032513548
174.59774906210922
174.52271779908295
174.4476865360567
174.37265527303043
174.37265527303043
174.29762401000417
174.14756148395165
174.14756148395165
174.0725302209254
173.99749895789913
174.0725302209254
173.99749895789913
173.92246769487286
173.92246769487286
173.77240516882034
173.77240516882034
173.77240516882034
173.62234264276782
101.44226761150479
101.29220508545228
101.21717382242602
101.0671112963735
100.99208003334724
100.91704877032096
100.8420175072947
100.76698624426844
100.69195498124218
100.54189245518967
100.4668611921634
100.31679866611088
100.24176740308462
100.16673614005836
100.0917048770321
99.94164235097956
99.94164235097956
99.79157982492704
99.71654856190078
99.56648603584827
99.49145477282201
99.34139224676949
99.26636098374323
99.1162984576907
98.9662359316382
98.9662359316382
98.8912046686119
98.7411421425594
98.7411421425594
98.59107961650687
98.51604835348061
98.44101709045435
98.36598582742809
98.29095456440183
98.21592330137558
98.21592330137558
98.06586077532306
98.06586077532306
97.9908295122968
97.84076698624426
97.765735723218
97.69070446019174
97.61567319716548
97.46561067111296
97.39057940808671
97.24051688203419
97.16548561900792
97.09045435598166
97.0154230929554
96.86536056690288
96.7903293038766
96.71529804085034
96.64026677782408
96.56523551479782
96.49020425177157
96.41517298874531
96.34014172571905
96.26511046269279
96.11504793664027
96.040016673614
96.040016673614
96.040016673614
96.040016673614
96.040016673614
96.040016673614
96.040016673614
95.43976656940391
95.28970404335139
95.28970404335139
95.28970404335139
95.28970404335139
95.28970404335139
95.28970404335139
95.28970404335139
95.28970404335139
95.28970404335139
95.28970404335139
95.28970404335139
95.06461025427262
94.83951646519384
94.83951646519384
94.46436015006252
93.9391413088787
93.86411004585244
93.71404751979992
93.11379741558983
92.51354731137974
91.91329720716966
91.31304710295956
90.71279699874948
90.11254689453939
89.5122967903293
88.91204668611921
88.31179658190914
87.71154647769904
87.11129637348895
78.782826177574
79.15798249270529
79.15798249270529
79.23301375573155
79.15798249270529
79.23301375573155
79.30804501875782
79.30804501875782
79.45810754481033
79.38307628178408
79.38307628178408
79.45810754481033
79.5331388078366
79.60817007086285
79.5331388078366
79.38307628178408
79.30804501875782
79.30804501875782
79.23301375573155
79.08295122967903
78.93288870362652
78.782826177574
78.782826177574
78.55773238849521
78.48270112546895
78.63276365152146
78.70779491454772
78.63276365152146
78.93288870362652
79.00791996665278
78.782826177574
78.70779491454772
78.70779491454772
78.70779491454772
78.55773238849521
78.63276365152146
78.63276365152146
78.40766986244269
78.33263859941643
78.33263859941643
78.40766986244269
78.40766986244269
78.40766986244269
78.33263859941643
78.33263859941643
78.33263859941643
78.25760733639017
78.33263859941643
78.25760733639017
78.25760733639017
78.1825760733639
78.10754481033764
78.10754481033764
78.10754481033764
78.10754481033764
78.03251354731138
77.95748228428512
77.95748228428512
77.95748228428512
77.95748228428512
77.95748228428512
77.8074197582326
77.73238849520634
77.65735723218008
77.58232596915381
77.58232596915381
77.50729470612755
77.43226344310129
77.43226344310129
77.50729470612755
77.50729470612755
77.50729470612755
77.58232596915381
77.58232596915381
77.58232596915381
77.50729470612755
77.50729470612755
77.43226344310129
77.35723218007503
77.20716965402251
77.13213839099625
77.13213839099625
77.13213839099625
77.05710712796999
77.05710712796999
76.98207586494372
76.90704460191746
76.8320133388912
76.75698207586494
76.75698207586494
76.8320133388912
76.75698207586494
76.75698207586494
76.75698207586494
76.75698207586494
76.8320133388912
76.8320133388912
76.90704460191746
76.98207586494372
77.05710712796999
77.05710712796999
77.13213839099625
77.13213839099625
77.20716965402251
77.20716965402251
77.28220091704877
77.28220091704877
77.35723218007503
77.35723218007503
77.50729470612755
77.50729470612755
77.58232596915381
77.58232596915381
77.65735723218008
77.73238849520634
77.8074197582326
77.8074197582326
77.88245102125886
77.95748228428512
78.03251354731138
78.03251354731138
78.10754481033764
78.1825760733639
78.25760733639017
78.33263859941643
78.40766986244269
78.48270112546895
78.55773238849521
78.63276365152146
78.70779491454772
78.782826177574
78.85785744060026
78.85785744060026
78.93288870362652
79.00791996665278
79.08295122967903
79.15798249270529
79.23301375573155
79.30804501875782
79.38307628178408
79.45810754481033
79.5331388078366
79.68320133388912
79.75823259691538
79.83326385994165
79.9082951229679
79.9082951229679
80.05835764902042
80.13338891204668
80.2834514380992
153.43893288870365
154.0391829929137
154.0391829929137
154.0391829929137
154.0391829929137
153.81408920383493
153.81408920383493
154.0391829929137
153.43893288870365
153.81408920383493
153.58899541475614
154.0391829929137
154.0391829929137
154.0391829929137
154.0391829929137
153.43893288870365
154.0391829929137
154.0391829929137
153.43893288870365
154.0391829929137
153.43893288870365
153.58899541475614
153.58899541475614
153.58899541475614
153.8891204668612
153.8891204668612
153.58899541475614
153.8891204668612
153.8891204668612
153.8891204668612
153.8891204668612
153.8891204668612
153.8891204668612
153.8891204668612
153.8891204668612
153.8891204668612
153.58899541475614
153.58899541475614
153.8891204668612
153.73905794080866
153.8891204668612
153.8891204668612
153.58899541475614
153.43893288870365
154.0391829929137
153.43893288870365
153.58899541475614
153.58899541475614
153.58899541475614
153.58899541475614
153.58899541475614
154.0391829929137
153.6640266777824
154.0391829929137
153.43893288870365
153.8891204668612
154.0391829929137
153.43893288870365
153.8891204668612
153.58899541475614
154.0391829929137
153.81408920383493
154.0391829929137
153.43893288870365
153.8891204668612
153.58899541475614
153.6640266777824
153.58899541475614
153.58899541475614
153.58899541475614
153.58899541475614
153.8891204668612
153.8891204668612
153.8891204668612
153.58899541475614
153.8891204668612
153.8891204668612
153.8891204668612
153.8891204668612
153.8891204668612
153.8891204668612
153.8891204668612
147.36140058357648
147.28636932055022
147.28636932055022
147.13630679449773
147.06127553147147
147.06127553147147
146.91121300541892
146.98624426844518
147.06127553147147
147.06127553147147
146.83618174239265
146.7611504793664
146.83618174239265
146.61108795331387
146.61108795331387
146.61108795331387
146.2359316381826
146.31096290120885
146.2359316381826
146.38599416423511
146.2359316381826
146.16090037515633
146.08586911213007
146.08586911213007
146.0108378491038
145.86077532305126
145.71071279699873
145.86077532305126
145.785744060025
145.63568153397247
145.71071279699873
145.71071279699873
145.5606502709462
145.5606502709462
145.5606502709462
145.48561900791998
145.5606502709462
145.5606502709462
145.48561900791998
145.48561900791998
145.41058774489372
145.33555648186746
145.2605252188412
145.11046269278867
145.11046269278867
145.0354314297624
145.0354314297624
145.11046269278867
145.0354314297624
145.0354314297624
145.0354314297624
144.96040016673615
144.96040016673615
144.88536890370986
144.88536890370986
144.8103376406836
144.96040016673615
144.8103376406836
144.88536890370986
144.8103376406836
144.6602751146311
144.6602751146311
144.6602751146311
144.6602751146311
144.58524385160484
144.58524385160484
144.58524385160484
144.51021258857858
144.51021258857858
144.43518132555232
144.36015006252606
144.2851187994998
144.21008753647354
144.13505627344728
143.98499374739475
143.98499374739475
143.9099624843685
143.9099624843685
143.83493122134223
143.75989995831597
143.75989995831597
143.75989995831597
143.6848686952897
143.6848686952897
143.6848686952897
143.60983743226345
143.53480616923719
143.53480616923719
143.45977490621092
143.38474364318466
143.38474364318466
143.23468111713214
143.15964985410588
143.15964985410588
143.00958732805336
143.00958732805336
142.9345560650271
142.85952480200083
142.78449353897457
142.7094622759483
142.7094622759483
142.63443101292205
142.5593997498958
142.48436848686953
142.40933722384327
142.40933722384327
142.334305960817
142.25927469779074
142.18424343476448
142.03418090871196
141.9591496456857
141.88411838265944
141.73405585660691
141.65902459358065
141.50896206752813
141.50896206752813
141.3588995414756
141.3588995414756
141.2088370154231
141.2088370154231
141.13380575239682
140.90871196331807
140.90871196331807
140.90871196331807
140.90871196331807
140.90871196331807
140.3834931221342
140.30846185910795
139.78324301792415
139.78324301792415
139.33305543976655
139.33305543976655
138.88286786160901
138.95789912463528
138.95789912463528
138.7328053355565
138.50771154647768
138.58274280950394
138.50771154647768
138.58274280950394
138.35764902042519
138.35764902042519
137.7573989162151
138.35764902042519
138.35764902042519
138.1325552313464
138.28261775739892
138.35764902042519
137.7573989162151
137.157148812005
137.157148812005
137.157148812005
137.157148812005
137.23218007503127
137.157148812005
137.00708628595248
137.157148812005
137.157148812005
137.157148812005
137.157148812005
137.23218007503127
137.157148812005
136.55689870779491
136.55689870779491
136.55689870779491
136.55689870779491
136.48186744476865
136.55689870779491
136.4068361817424
136.48186744476865
136.4068361817424
136.48186744476865
136.48186744476865
136.48186744476865
136.48186744476865
136.4068361817424
136.4068361817424
136.55689870779491
136.4068361817424
136.48186744476865
135.88161734055856
135.88161734055856
136.33180491871613
136.1817423926636
136.25677365568987
136.25677365568987
136.25677365568987
136.33180491871613
136.4068361817424
136.4068361817424
136.4068361817424
136.55689870779491
136.55689870779491
136.55689870779491
136.63192997082118
136.55689870779491
136.55689870779491
136.55689870779491
136.55689870779491
136.55689870779491
136.55689870779491
136.55689870779491
136.55689870779491
136.55689870779491
136.48186744476865
136.4068361817424
136.55689870779491
136.55689870779491
136.55689870779491
136.55689870779491
136.4068361817424
136.55689870779491
136.4068361817424
136.4068361817424
136.55689870779491
136.55689870779491
136.4068361817424
136.55689870779491
136.4068361817424
136.48186744476865
136.48186744476865
136.48186744476865
1126
