34.05138036809816
34.145705521472394
34.145705521472394
34.145705521472394
34.33435582822086
34.24003067484663
34.33435582822086
34.33435582822086
34.428680981595086
34.52300613496933
34.71165644171779
34.80598159509202
34.80598159509202
34.90030674846626
34.99463190184049
34.99463190184049
35.08895705521473
35.183282208588956
35.277607361963184
35.277607361963184
35.37193251533743
35.37193251533743
35.37193251533743
35.466257668711656
35.466257668711656
35.56058282208589
35.56058282208589
35.56058282208589
35.56058282208589
35.56058282208589
35.56058282208589
35.56058282208589
35.65490797546012
35.65490797546012
35.749233128834355
35.749233128834355
35.84355828220859
35.937883435582826
36.032208588957054
36.032208588957054
36.12653374233128
36.220858895705526
36.315184049079754
36.315184049079754
36.40950920245399
36.59815950920245
36.69248466257669
36.78680981595092
36.78680981595092
36.88113496932515
36.97546012269938
37.069785276073624
37.16411042944785
37.16411042944785
37.352760736196316
37.44708588957055
37.44708588957055
37.44708588957055
37.635736196319016
37.73006134969325
37.73006134969325
37.82438650306748
37.91871165644172
38.01303680981595
38.107361963190186
38.01303680981595
38.201687116564415
38.29601226993865
38.390337423312886
38.484662576687114
38.57898773006135
38.67331288343558
38.76763803680982
38.86196319018405
38.956288343558285
39.05061349693251
39.14493865030675
39.239263803680984
39.33358895705521
39.42791411042945
39.52223926380368
39.61656441717792
39.61656441717792
39.80521472392638
39.89953987730061
39.99386503067485
40.08819018404908
40.18251533742331
40.27684049079755
40.27684049079755
40.46549079754602
40.559815950920246
40.74846625766871
40.842791411042946
40.93711656441718
41.03144171779141
41.22009202453987
41.408742331288344
41.50306748466257
41.691717791411044
41.691717791411044
41.88036809815951
41.97469325153374
42.163343558282214
42.35199386503067
42.44631901840491
42.63496932515338
42.82361963190184
42.91794478527607
43.012269938650306
43.10659509202454
43.20092024539877
43.38957055214724
43.578220858895705
43.578220858895705
43.76687116564417
43.861196319018404
44.144171779141104
44.23849693251534
44.4271472392638
44.61579754601227
44.61579754601227
44.80444785276074
44.89877300613497
45.08742331288344
45.2760736196319
45.37039877300613
45.464723926380366
45.5590490797546
45.65337423312884
45.747699386503065
45.747699386503065
45.747699386503065
45.747699386503065
45.747699386503065
45.747699386503065
45.747699386503065
46.125
46.125
46.125
46.125
46.125
46.125
46.125
46.125
45.936349693251536
45.936349693251536
46.03067484662577
45.936349693251536
45.936349693251536
46.03067484662577
45.936349693251536
46.03067484662577
45.936349693251536
46.125
46.03067484662577
45.936349693251536
46.03067484662577
45.936349693251536
46.03067484662577
46.125
45.37039877300613
45.08742331288344
45.18174846625767
45.5590490797546
45.37039877300613
45.37039877300613
45.37039877300613
45.37039877300613
45.5590490797546
45.65337423312884
45.65337423312884
21.883435582822084
21.883435582822084
21.97776073619632
22.072085889570552
22.166411042944787
22.166411042944787
22.26073619631902
22.26073619631902
22.26073619631902
22.26073619631902
22.26073619631902
22.166411042944787
22.072085889570552
22.072085889570552
21.97776073619632
22.072085889570552
22.166411042944787
22.166411042944787
22.166411042944787
22.26073619631902
22.35506134969325
22.35506134969325
22.35506134969325
22.35506134969325
22.449386503067483
22.449386503067483
22.449386503067483
22.449386503067483
22.449386503067483
22.449386503067483
22.449386503067483
22.54371165644172
22.54371165644172
22.54371165644172
22.63803680981595
22.732361963190183
22.732361963190183
22.82668711656442
22.92101226993865
22.92101226993865
22.92101226993865
23.015337423312886
23.109662576687118
23.109662576687118
23.109662576687118
23.20398773006135
23.20398773006135
23.298312883435585
23.298312883435585
23.392638036809817
23.392638036809817
23.392638036809817
23.392638036809817
23.392638036809817
23.392638036809817
23.392638036809817
23.392638036809817
23.392638036809817
23.392638036809817
23.298312883435585
23.392638036809817
23.20398773006135
23.298312883435585
23.20398773006135
23.298312883435585
23.20398773006135
23.298312883435585
23.298312883435585
23.298312883435585
23.298312883435585
23.298312883435585
23.392638036809817
23.392638036809817
23.392638036809817
23.392638036809817
23.392638036809817
23.486963190184046
23.486963190184046
23.486963190184046
23.486963190184046
23.486963190184046
23.486963190184046
23.58128834355828
23.58128834355828
23.58128834355828
23.58128834355828
23.58128834355828
23.675613496932513
23.675613496932513
23.76993865030675
23.76993865030675
23.76993865030675
23.76993865030675
23.86426380368098
23.86426380368098
23.86426380368098
23.86426380368098
23.86426380368098
23.958588957055216
23.958588957055216
23.958588957055216
24.052914110429448
24.052914110429448
24.147239263803684
24.241564417177916
24.335889570552144
24.335889570552144
24.43021472392638
24.43021472392638
24.52453987730061
24.52453987730061
24.52453987730061
24.618865030674847
24.71319018404908
24.71319018404908
24.807515337423315
24.901840490797547
24.996165644171782
25.090490797546014
25.184815950920242
25.184815950920242
25.279141104294478
25.37346625766871
25.37346625766871
25.467791411042946
25.467791411042946
25.467791411042946
25.467791411042946
25.467791411042946
25.467791411042946
25.562116564417177
25.562116564417177
25.562116564417177
25.656441717791413
25.656441717791413
25.750766871165645
25.845092024539873
25.845092024539873
25.939417177914113
26.03374233128834
26.128067484662576
26.22239263803681
26.22239263803681
26.316717791411044
26.411042944785276
26.50536809815951
26.599693251533743
26.599693251533743
26.694018404907972
26.78834355828221
26.78834355828221
26.88266871165644
26.976993865030675
27.071319018404907
27.071319018404907
27.165644171779142
27.165644171779142
27.259969325153374
27.35429447852761
27.35429447852761
27.448619631901842
27.54294478527607
27.54294478527607
27.63726993865031
27.63726993865031
27.731595092024538
27.825920245398773
27.825920245398773
27.920245398773005
27.920245398773005
28.01457055214724
28.01457055214724
28.108895705521473
28.203220858895705
28.29754601226994
28.29754601226994
28.39187116564417
28.39187116564417
28.486196319018408
28.580521472392636
28.580521472392636
28.67484662576687
28.67484662576687
28.769171779141104
28.86349693251534
28.86349693251534
28.95782208588957
29.052147239263803
29.14647239263804
29.240797546012267
29.335122699386503
29.429447852760735
29.429447852760735
29.52377300613497
29.618098159509202
29.618098159509202
29.712423312883434
29.80674846625767
29.80674846625767
29.9010736196319
29.995398773006137
30.089723926380366
30.089723926380366
30.089723926380366
30.1840490797546
30.278374233128833
30.37269938650307
30.4670245398773
30.4670245398773
30.561349693251532
27.825920245398773
27.920245398773005
27.920245398773005
27.920245398773005
27.920245398773005
28.01457055214724
28.01457055214724
28.01457055214724
28.108895705521473
28.108895705521473
28.108895705521473
28.203220858895705
28.203220858895705
28.29754601226994
28.29754601226994
28.203220858895705
28.203220858895705
28.29754601226994
28.29754601226994
28.39187116564417
28.39187116564417
28.39187116564417
28.486196319018408
28.486196319018408
28.486196319018408
28.486196319018408
28.580521472392636
28.580521472392636
28.580521472392636
28.580521472392636
28.580521472392636
28.67484662576687
28.67484662576687
28.67484662576687
28.67484662576687
28.67484662576687
28.769171779141104
28.769171779141104
28.86349693251534
28.86349693251534
28.95782208588957
28.95782208588957
29.052147239263803
29.052147239263803
29.052147239263803
29.052147239263803
29.14647239263804
29.14647239263804
29.14647239263804
29.240797546012267
29.240797546012267
29.335122699386503
29.335122699386503
29.429447852760735
29.429447852760735
29.52377300613497
29.52377300613497
29.618098159509202
29.618098159509202
29.712423312883434
29.712423312883434
29.80674846625767
29.80674846625767
29.9010736196319
29.995398773006137
29.995398773006137
30.089723926380366
30.089723926380366
30.1840490797546
30.1840490797546
30.278374233128833
30.37269938650307
30.37269938650307
30.4670245398773
30.561349693251532
30.561349693251532
30.561349693251532
30.655674846625768
30.75
30.844325153374236
30.844325153374236
30.938650306748464
30.938650306748464
31.0329754601227
31.0329754601227
31.12730061349693
31.221625766871167
31.221625766871167
31.3159509202454
31.41027607361963
22.072085889570552
21.97776073619632
22.072085889570552
22.072085889570552
22.166411042944787
22.166411042944787
22.166411042944787
22.166411042944787
22.166411042944787
22.26073619631902
22.26073619631902
22.35506134969325
22.449386503067483
22.449386503067483
22.449386503067483
22.54371165644172
22.63803680981595
22.63803680981595
22.63803680981595
22.63803680981595
22.732361963190183
22.82668711656442
22.82668711656442
22.92101226993865
23.015337423312886
23.109662576687118
23.109662576687118
23.20398773006135
23.298312883435585
23.298312883435585
23.298312883435585
23.298312883435585
23.392638036809817
23.392638036809817
23.392638036809817
23.486963190184046
23.486963190184046
23.58128834355828
23.486963190184046
23.486963190184046
23.486963190184046
23.486963190184046
23.58128834355828
23.675613496932513
23.675613496932513
23.76993865030675
23.86426380368098
23.958588957055216
24.052914110429448
24.241564417177916
24.335889570552144
24.43021472392638
24.52453987730061
24.618865030674847
24.71319018404908
24.807515337423315
24.901840490797547
24.901840490797547
24.996165644171782
25.090490797546014
25.184815950920242
25.184815950920242
25.184815950920242
25.279141104294478
25.37346625766871
25.467791411042946
25.562116564417177
25.656441717791413
25.845092024539873
25.845092024539873
25.939417177914113
25.939417177914113
26.03374233128834
26.128067484662576
26.22239263803681
26.316717791411044
26.316717791411044
26.411042944785276
26.50536809815951
26.50536809815951
26.50536809815951
26.50536809815951
26.599693251533743
26.599693251533743
26.694018404907972
26.694018404907972
26.78834355828221
26.88266871165644
26.976993865030675
27.071319018404907
27.071319018404907
27.165644171779142
27.259969325153374
27.35429447852761
27.448619631901842
27.54294478527607
27.63726993865031
27.825920245398773
27.825920245398773
28.01457055214724
28.108895705521473
28.203220858895705
28.29754601226994
28.39187116564417
17.261503067484664
17.16717791411043
17.16717791411043
17.16717791411043
17.072852760736197
17.072852760736197
17.072852760736197
17.072852760736197
17.16717791411043
17.072852760736197
17.072852760736197
17.16717791411043
17.072852760736197
17.072852760736197
17.072852760736197
17.072852760736197
17.072852760736197
17.072852760736197
17.072852760736197
17.072852760736197
17.072852760736197
16.97852760736196
16.97852760736196
16.97852760736196
16.97852760736196
16.88420245398773
16.88420245398773
16.88420245398773
16.789877300613497
16.789877300613497
16.789877300613497
16.789877300613497
16.695552147239265
16.695552147239265
16.60122699386503
16.60122699386503
16.60122699386503
16.506901840490798
16.60122699386503
16.506901840490798
16.506901840490798
16.506901840490798
16.506901840490798
16.506901840490798
16.506901840490798
16.506901840490798
16.412576687116566
16.412576687116566
16.412576687116566
16.412576687116566
16.412576687116566
16.412576687116566
16.31825153374233
16.31825153374233
16.31825153374233
16.31825153374233
16.31825153374233
16.31825153374233
16.31825153374233
16.31825153374233
16.2239263803681
16.129601226993863
16.129601226993863
16.129601226993863
16.03527607361963
15.940950920245399
15.375
15.375
15.375
15.375
15.375
15.375
15.375
15.375
15.375
15.280674846625766
15.375
15.375
14.903374233128835
14.14877300613497
14.243098159509204
13.771472392638035
13.01687116564417
12.262269938650306
11.507668711656443
10.753067484662576
9.998466257668712
9.243865030674845
9.055214723926381
8.300613496932515
7.54601226993865
6.791411042944786
6.036809815950921
5.565184049079755
4.810582822085889
4.055981595092025
-25.939417177914113
-25.845092024539873
-25.467791411042946
-25.562116564417177
-25.939417177914113
-26.128067484662576
-26.22239263803681
-26.128067484662576
-26.316717791411044
-26.50536809815951
-26.50536809815951
-26.694018404907972
-26.78834355828221
-26.88266871165644
-27.071319018404907
-27.259969325153374
-27.448619631901842
-27.54294478527607
-27.825920245398773
-27.920245398773005
-27.920245398773005
-27.63726993865031
-28.01457055214724
-27.825920245398773
-28.01457055214724
-28.01457055214724
-27.920245398773005
-27.63726993865031
-27.731595092024538
-28.108895705521473
-28.39187116564417
-28.580521472392636
-28.486196319018408
-28.86349693251534
-28.86349693251534
-28.67484662576687
-28.95782208588957
-29.052147239263803
-29.052147239263803
-28.95782208588957
-29.052147239263803
-29.14647239263804
-29.240797546012267
-29.429447852760735
-29.52377300613497
-29.52377300613497
-29.712423312883434
-29.712423312883434
-29.712423312883434
-29.80674846625767
-29.995398773006137
-29.995398773006137
-30.089723926380366
-30.1840490797546
-30.278374233128833
-30.278374233128833
-30.278374233128833
-30.37269938650307
-30.4670245398773
-30.4670245398773
-30.655674846625768
-30.844325153374236
-30.844325153374236
-30.938650306748464
-31.0329754601227
-31.0329754601227
-31.0329754601227
-31.0329754601227
-31.0329754601227
-31.0329754601227
-31.221625766871167
-31.221625766871167
-31.3159509202454
-31.41027607361963
-31.504601226993866
-31.693251533742334
-31.787576687116562
-31.97622699386503
-31.97622699386503
-32.07055214723926
-32.07055214723926
-32.07055214723926
-32.1648773006135
-32.1648773006135
-32.259202453987726
-32.4478527607362
-32.4478527607362
-32.4478527607362
-32.4478527607362
-32.4478527607362
-32.4478527607362
-32.54217791411043
-32.54217791411043
-32.54217791411043
-32.4478527607362
-32.4478527607362
-32.4478527607362
-32.4478527607362
-32.4478527607362
-32.4478527607362
-32.54217791411043
-32.54217791411043
-32.54217791411043
-32.63650306748466
-32.63650306748466
-32.730828220858896
-32.82515337423313
-32.82515337423313
-32.91947852760736
-33.013803680981596
-33.013803680981596
-33.108128834355824
-33.20245398773006
-33.296779141104295
-33.39110429447853
-33.48542944785276
-33.579754601226995
-33.67407975460123
-33.76840490797546
-33.862730061349694
-33.95705521472392
-34.145705521472394
-34.24003067484663
-34.33435582822086
-34.428680981595086
-34.428680981595086
-34.61733128834356
-34.71165644171779
-34.80598159509202
-34.90030674846626
-35.08895705521473
-35.183282208588956
-35.37193251533743
-35.37193251533743
-35.56058282208589
-35.65490797546012
-35.84355828220859
-35.937883435582826
-36.032208588957054
-36.12653374233128
-36.220858895705526
-36.315184049079754
-36.40950920245399
-36.40950920245399
-36.59815950920245
-36.69248466257669
-36.78680981595092
-36.88113496932515
-36.88113496932515
-36.97546012269938
-22.54371165644172
-22.26073619631902
-22.26073619631902
-22.26073619631902
-22.26073619631902
-22.54371165644172
-22.54371165644172
-22.26073619631902
-22.54371165644172
-22.54371165644172
-22.54371165644172
-22.26073619631902
-22.26073619631902
-22.26073619631902
-22.26073619631902
-22.54371165644172
-22.26073619631902
-22.26073619631902
-22.54371165644172
-22.26073619631902
-22.54371165644172
-22.54371165644172
-22.54371165644172
-22.54371165644172
-22.54371165644172
-22.54371165644172
-22.54371165644172
-22.54371165644172
-22.54371165644172
-22.54371165644172
-22.54371165644172
-22.54371165644172
-22.54371165644172
-22.54371165644172
-22.449386503067483
-22.54371165644172
-22.54371165644172
-22.54371165644172
-22.54371165644172
-22.54371165644172
-22.54371165644172
-22.54371165644172
-22.26073619631902
-22.54371165644172
-22.26073619631902
-22.54371165644172
-22.54371165644172
-22.54371165644172
-22.54371165644172
-22.54371165644172
-22.54371165644172
-22.26073619631902
-22.54371165644172
-22.26073619631902
-22.54371165644172
-22.54371165644172
-22.26073619631902
-22.54371165644172
-22.54371165644172
-22.54371165644172
-22.26073619631902
-22.54371165644172
-22.26073619631902
-22.54371165644172
-22.54371165644172
-22.54371165644172
-22.54371165644172
-22.54371165644172
-22.54371165644172
-22.54371165644172
-22.54371165644172
-22.54371165644172
-22.54371165644172
-22.54371165644172
-22.54371165644172
-22.54371165644172
-22.54371165644172
-22.54371165644172
-22.54371165644172
-22.54371165644172
-22.54371165644172
-22.54371165644172
-22.449386503067483
-22.449386503067483
-22.35506134969325
-22.449386503067483
-22.449386503067483
-22.26073619631902
-22.35506134969325
-22.26073619631902
-22.26073619631902
-22.35506134969325
-22.166411042944787
-22.449386503067483
-22.54371165644172
-22.26073619631902
-22.35506134969325
-22.54371165644172
-22.63803680981595
-22.449386503067483
-22.449386503067483
-22.449386503067483
-22.449386503067483
-22.35506134969325
-22.54371165644172
-22.449386503067483
-22.82668711656442
-22.82668711656442
-22.732361963190183
-22.732361963190183
-22.82668711656442
-22.82668711656442
-22.82668711656442
-23.015337423312886
-23.015337423312886
-23.109662576687118
-23.20398773006135
-23.20398773006135
-23.20398773006135
-23.298312883435585
-23.392638036809817
-23.486963190184046
-23.58128834355828
-23.675613496932513
-23.76993865030675
-23.76993865030675
-23.86426380368098
-23.86426380368098
-23.76993865030675
-23.86426380368098
-23.958588957055216
-24.052914110429448
-24.052914110429448
-24.052914110429448
-24.241564417177916
-24.147239263803684
-24.335889570552144
-24.335889570552144
-24.43021472392638
-24.618865030674847
-24.71319018404908
-24.901840490797547
-24.901840490797547
-24.996165644171782
-24.996165644171782
-25.090490797546014
-25.279141104294478
-25.37346625766871
-25.562116564417177
-25.467791411042946
-25.750766871165645
-25.845092024539873
-26.03374233128834
-26.03374233128834
-26.22239263803681
-26.316717791411044
-26.411042944785276
-26.50536809815951
-26.599693251533743
-26.694018404907972
-26.78834355828221
-26.88266871165644
-26.976993865030675
-27.071319018404907
-27.165644171779142
-27.35429447852761
-27.448619631901842
-27.63726993865031
-27.731595092024538
-27.920245398773005
-28.01457055214724
-28.203220858895705
-28.29754601226994
-28.39187116564417
-28.486196319018408
-28.580521472392636
-28.67484662576687
-28.769171779141104
-28.86349693251534
-28.95782208588957
-29.052147239263803
-29.240797546012267
-29.335122699386503
-29.429447852760735
-29.52377300613497
-29.712423312883434
-29.80674846625767
-29.9010736196319
-30.089723926380366
-30.1840490797546
-30.37269938650307
-30.4670245398773
-30.561349693251532
-30.561349693251532
-30.655674846625768
-30.75
-30.938650306748464
-30.938650306748464
-31.0329754601227
-31.0329754601227
-31.12730061349693
-31.12730061349693
-31.12730061349693
-31.221625766871167
-31.221625766871167
-31.221625766871167
-31.221625766871167
-31.221625766871167
-31.221625766871167
-31.221625766871167
-31.3159509202454
-31.3159509202454
-31.5989263803681
-31.5989263803681
-31.97622699386503
-31.97622699386503
-31.97622699386503
-32.1648773006135
-32.35352760736196
-32.35352760736196
-32.35352760736196
-32.35352760736196
-32.4478527607362
-32.4478527607362
-32.730828220858896
-32.4478527607362
-32.4478527607362
-32.54217791411043
-32.4478527607362
-32.4478527607362
-32.730828220858896
-33.48542944785276
-33.76840490797546
-33.76840490797546
-33.76840490797546
-33.76840490797546
-33.76840490797546
-33.76840490797546
-33.76840490797546
-33.76840490797546
-33.76840490797546
-33.76840490797546
-33.76840490797546
-33.76840490797546
-34.52300613496933
-35.277607361963184
-35.277607361963184
-35.277607361963184
-35.466257668711656
-35.277607361963184
-35.466257668711656
-35.466257668711656
-35.466257668711656
-35.466257668711656
-35.466257668711656
-35.466257668711656
-35.466257668711656
-35.466257668711656
-35.466257668711656
-35.277607361963184
-35.466257668711656
-35.466257668711656
-36.220858895705526
-36.97546012269938
-37.44708588957055
-38.107361963190186
-37.82438650306748
-37.44708588957055
-38.201687116564415
-38.390337423312886
-38.390337423312886
-38.29601226993865
-38.67331288343558
-38.67331288343558
-38.390337423312886
-38.29601226993865
-38.29601226993865
-38.29601226993865
-38.29601226993865
-38.29601226993865
-38.390337423312886
-38.29601226993865
-38.29601226993865
-38.29601226993865
-38.29601226993865
-38.107361963190186
-38.107361963190186
-38.29601226993865
-38.107361963190186
-38.107361963190186
-38.107361963190186
-38.107361963190186
-38.29601226993865
-38.107361963190186
-38.29601226993865
-38.29601226993865
-38.107361963190186
-38.107361963190186
-38.29601226993865
-38.107361963190186
-38.29601226993865
-38.29601226993865
-38.29601226993865
-38.29601226993865
1126
